[20190604_105745 / libfx_4.py:671]
source csv	dir	C:\WORKS_2\WS\WS_Others.prog\prog\D-7\2_2\VIRTUAL\Admin_Projects\curr\data\csv_raw
source csv	file	44_5.1_10_rawdata.(AUDJPY).(Period-M15).(NumOfUnits-18000).(Bars-ALL-20190424_184417).20190311_081029.csv
start dt	2018.06.14 17:30
end dt	2019.04.24 12:30

conditions : ALL

-----------------------------
locIn_BB	Z5
volOf_OC	0.300
VolOf_HL	4.200
ratioOf_OCHL	0.100
ratioOf_Shadow_Upper_Lower	1.250
-----------------------------

s.n.	datetime	diff_OC	e0.PC	idx	e.-5	e.-4	e.-3	e.-2	e.-1	e0	e1	e2	e3	e4	e5
1	2018.06.15 02:00	-0.002	82.660	34	82.700	82.713	82.708	82.677	82.663	82.660	82.661	82.651	82.592	82.510	82.536
2	2018.06.21 20:15	0.003	81.115	491	81.155	81.169	81.158	81.110	81.111	81.115	81.157	81.187	81.214	81.215	81.237
3	2018.06.25 18:45	0.002	81.162	677	81.247	81.159	81.200	81.140	81.160	81.162	81.028	81.085	81.058	81.054	81.012
4	2018.06.27 00:45	0.000	81.321	797	81.347	81.313	81.314	81.301	81.319	81.321	81.359	81.341	81.339	81.344	81.376
5	2018.06.29 13:45	-0.004	81.537	1041	81.731	81.731	81.745	81.499	81.542	81.537	81.619	81.648	81.661	81.692	81.741
6	2018.07.02 01:15	0.009	81.870	1087	81.884	81.903	81.925	81.839	81.861	81.870	81.945	81.921	81.993	81.933	81.968
7	2018.07.02 08:15	0.005	81.680	1115	81.715	81.766	81.761	81.771	81.675	81.680	81.728	81.706	81.651	81.648	81.620
8	2018.07.02 16:45	0.001	81.371	1149	81.405	81.413	81.425	81.378	81.369	81.371	81.293	81.365	81.378	81.136	80.991
9	2018.07.02 20:00	0.003	81.052	1162	81.063	81.061	81.097	81.080	81.048	81.052	81.060	81.144	81.164	81.189	81.210
10	2018.07.05 07:45	0.004	81.375	1401	81.417	81.407	81.426	81.353	81.371	81.375	81.281	81.381	81.510	81.642	81.578
11	2018.07.11 10:00	0.006	82.242	1794	82.292	82.236	82.287	82.306	82.237	82.242	82.319	82.365	82.358	82.313	82.275
12	2018.07.13 12:15	0.001	83.067	1995	83.265	83.256	83.151	83.180	83.066	83.067	83.030	83.028	83.123	83.060	83.055
13	2018.07.13 12:45	-0.001	83.028	1997	83.151	83.180	83.066	83.067	83.030	83.028	83.123	83.060	83.055	83.120	83.126
14	2018.07.16 16:45	-0.003	83.431	2109	83.458	83.421	83.440	83.462	83.437	83.431	83.438	83.465	83.418	83.377	83.366
15	2018.07.19 13:15	-0.002	83.071	2383	83.117	83.075	83.078	83.112	83.074	83.071	82.989	82.939	82.993	82.973	82.941
16	2018.07.19 19:30	0.000	82.734	2408	82.759	82.790	82.814	82.807	82.736	82.734	82.700	82.630	82.717	82.797	82.744
17	2018.07.23 00:15	-0.003	82.677	2523	82.793	82.782	82.748	82.685	82.680	82.677	82.624	82.670	82.753	82.712	82.716
18	2018.07.24 00:00	-0.001	82.180	2618	82.236	82.256	82.220	82.191	82.184	82.180	82.136	82.163	82.174	82.201	82.198
19	2018.07.26 10:15	-0.003	82.247	2851	82.295	82.323	82.249	82.229	82.251	82.247	82.244	82.312	82.297	82.234	82.268
20	2018.07.26 15:30	-0.001	82.228	2872	82.264	82.235	82.256	82.266	82.226	82.228	82.194	82.171	82.221	82.199	82.190
21	2018.07.27 12:00	0.003	81.982	2954	82.031	82.014	81.977	81.990	81.976	81.982	82.025	81.975	81.976	81.964	81.979
22	2018.07.31 22:30	-0.004	83.112	3188	83.158	83.181	83.163	83.149	83.115	83.112	83.065	83.081	83.057	83.105	83.083
23	2018.08.01 12:00	0.003	82.956	3242	83.006	83.010	82.950	83.003	82.953	82.956	82.939	82.957	82.998	82.989	82.991
24	2018.08.01 17:15	-0.002	82.890	3263	82.960	82.993	82.928	82.911	82.893	82.890	82.936	82.920	82.839	82.807	82.725
25	2018.08.01 20:45	0.000	82.578	3277	82.570	82.581	82.594	82.584	82.579	82.578	82.530	82.516	82.534	82.560	82.577
26	2018.08.03 00:00	0.000	82.171	3386	82.227	82.212	82.211	82.219	82.190	82.171	82.211	82.196	82.210	82.182	82.176
27	2018.08.06 04:00	0.002	82.237	3498	82.244	82.285	82.265	82.267	82.233	82.237	82.221	82.264	82.326	82.406	82.381
28	2018.08.06 23:45	0.000	82.289	3577	82.328	82.313	82.314	82.319	82.289	82.289	82.288	82.255	82.268	82.254	82.261
29	2018.08.07 01:00	0.003	82.261	3582	82.289	82.288	82.255	82.268	82.254	82.261	82.254	82.220	82.247	82.241	82.228
30	2018.08.08 10:45	0.002	82.371	3717	82.511	82.479	82.394	82.320	82.369	82.371	82.321	82.271	82.284	82.257	82.274
31	2018.08.08 16:30	-0.001	82.173	3740	82.224	82.190	82.162	82.188	82.175	82.173	82.169	82.229	82.305	82.317	82.312
32	2018.08.08 16:45	-0.003	82.169	3741	82.190	82.162	82.188	82.175	82.173	82.169	82.229	82.305	82.317	82.312	82.333
33	2018.08.09 17:30	0.004	82.142	3840	82.291	82.271	82.247	82.215	82.138	82.142	82.072	82.063	82.084	82.030	81.980
34	2018.08.10 04:00	0.001	81.726	3882	81.893	81.764	81.713	81.775	81.718	81.726	81.725	81.721	81.799	81.798	81.813
35	2018.08.10 19:00	-0.004	80.742	3942	81.042	80.882	80.860	80.820	80.745	80.742	80.750	80.748	80.793	80.698	80.705
36	2018.08.10 19:30	-0.001	80.748	3944	80.860	80.820	80.745	80.742	80.750	80.748	80.793	80.698	80.705	80.665	80.626
37	2018.08.14 03:00	0.004	80.381	4070	80.520	80.468	80.469	80.387	80.378	80.381	80.541	80.540	80.572	80.601	80.507
38	2018.08.15 15:00	-0.008	80.192	4214	80.255	80.219	80.079	80.157	80.200	80.192	80.186	80.148	80.104	80.091	80.168
39	2018.08.15 15:15	-0.007	80.186	4215	80.219	80.079	80.157	80.200	80.192	80.186	80.148	80.104	80.091	80.168	80.068
40	2018.08.17 09:45	0.000	80.529	4385	80.576	80.611	80.528	80.563	80.530	80.529	80.475	80.470	80.500	80.511	80.678
41	2018.08.17 14:00	0.008	80.311	4402	80.302	80.206	80.297	80.281	80.302	80.311	80.281	80.269	80.277	80.245	80.228
42	2018.08.20 03:45	0.003	80.716	4457	80.778	80.741	80.720	80.736	80.713	80.716	80.674	80.688	80.712	80.651	80.739
43	2018.08.20 15:30	0.003	80.721	4504	80.789	80.786	80.793	80.763	80.717	80.721	80.673	80.701	80.707	80.711	80.668
44	2018.08.22 01:00	0.001	81.138	4638	81.217	81.188	81.179	81.163	81.137	81.138	81.125	81.067	81.006	80.984	80.991
45	2018.08.22 09:45	0.000	81.075	4673	81.224	81.207	81.143	81.092	81.076	81.075	81.073	81.066	81.067	81.069	81.029
46	2018.08.22 10:30	0.002	81.067	4676	81.092	81.076	81.075	81.073	81.066	81.067	81.069	81.029	81.009	81.022	81.096
47	2018.08.23 02:30	0.003	81.234	4740	81.277	81.259	81.260	81.238	81.235	81.234	81.103	81.014	80.994	80.992	80.976
48	2018.08.24 22:15	0.003	81.451	4915	81.465	81.483	81.458	81.460	81.448	81.451	81.462	81.451	81.444	81.460	81.490
49	2018.08.29 10:15	0.005	81.261	5155	81.224	81.229	81.201	81.212	81.257	81.261	81.303	81.232	81.272	81.278	81.276
50	2018.09.04 00:30	-0.004	80.082	5500	80.140	80.139	80.137	80.099	80.081	80.082	80.101	80.102	80.078	80.120	80.110
51	2018.09.07 00:30	-0.001	79.641	5788	79.703	79.680	79.682	79.665	79.649	79.641	79.634	79.661	79.638	79.701	79.674
52	2018.09.07 20:45	-0.001	78.861	5869	78.781	78.929	78.861	78.896	78.863	78.861	78.930	78.965	78.951	78.967	78.987
53	2018.09.10 00:30	-0.001	78.846	5884	78.894	78.925	78.892	78.859	78.842	78.846	78.880	78.945	78.962	78.938	78.892
54	2018.09.14 15:45	0.001	80.378	6329	80.442	80.393	80.400	80.383	80.373	80.378	80.351	80.350	80.367	80.436	80.326
55	2018.09.14 16:15	-0.002	80.350	6331	80.400	80.383	80.373	80.378	80.351	80.350	80.367	80.436	80.326	80.368	80.415
56	2018.09.17 01:45	-0.001	80.058	6369	80.147	80.138	80.104	80.096	80.060	80.058	80.098	80.050	80.032	79.970	80.031
57	2018.09.17 22:45	0.001	80.256	6453	80.454	80.349	80.257	80.275	80.254	80.256	80.256	80.265	80.254	80.289	80.274
58	2018.09.20 02:00	-0.005	81.487	6658	81.537	81.507	81.523	81.510	81.493	81.487	81.516	81.528	81.538	81.532	81.558
59	2018.09.21 13:15	0.004	82.127	6799	82.253	82.172	82.219	82.146	82.122	82.127	82.184	82.095	82.110	82.078	82.069
60	2018.09.28 13:45	-0.001	81.784	7281	81.857	81.821	81.794	81.810	81.787	81.784	81.810	81.821	81.720	81.753	81.763
61	2018.10.04 04:15	0.003	81.172	7627	81.191	81.188	81.144	81.189	81.170	81.172	81.201	81.103	81.082	81.113	81.109
62	2018.10.04 05:30	-0.004	81.109	7632	81.172	81.201	81.103	81.082	81.113	81.109	81.153	81.099	81.081	80.992	80.989
63	2018.10.04 19:45	-0.001	80.461	7689	80.573	80.535	80.455	80.425	80.462	80.461	80.392	80.427	80.465	80.476	80.490
64	2018.10.12 18:45	0.005	79.716	8261	79.893	79.786	79.869	79.776	79.713	79.716	79.728	79.629	79.554	79.603	79.616
65	2018.10.12 20:45	0.004	79.597	8269	79.554	79.603	79.616	79.588	79.592	79.597	79.512	79.613	79.543	79.599	79.722
66	2018.10.15 03:15	-0.002	79.659	8295	79.762	79.762	79.765	79.743	79.653	79.659	79.599	79.556	79.567	79.608	79.608
67	2018.10.15 09:00	0.000	79.537	8318	79.631	79.586	79.569	79.569	79.538	79.537	79.548	79.573	79.635	79.642	79.683
68	2018.10.16 00:00	0.000	79.683	8378	79.696	79.711	79.707	79.705	79.703	79.683	79.710	79.694	79.784	79.784	79.745
69	2018.10.17 17:00	0.002	79.810	8542	79.940	79.967	80.003	79.950	79.809	79.810	79.886	79.752	79.804	79.832	79.917
70	2018.10.23 02:00	-0.003	79.855	8866	79.887	79.850	79.864	79.867	79.857	79.855	79.838	79.784	79.742	79.638	79.653
71	2018.10.23 15:15	0.002	79.264	8919	79.420	79.407	79.271	79.322	79.262	79.264	79.267	79.245	79.154	79.256	79.268
72	2018.10.23 15:30	0.006	79.267	8920	79.407	79.271	79.322	79.262	79.264	79.267	79.245	79.154	79.256	79.268	79.196
73	2018.10.24 11:30	-0.001	79.659	9000	79.835	79.779	79.751	79.695	79.659	79.659	79.663	79.775	79.791	79.810	79.858
74	2018.10.25 01:30	0.000	79.134	9056	79.147	79.208	79.206	79.161	79.135	79.134	79.193	79.176	79.180	79.101	79.103
75	2018.10.26 03:45	0.001	79.478	9161	79.573	79.544	79.444	79.450	79.477	79.478	79.455	79.425	79.385	79.496	79.444
76	2018.10.26 07:45	-0.004	78.908	9177	78.932	78.869	78.824	78.810	78.912	78.908	78.892	78.761	78.845	78.850	78.916
77	2018.10.29 22:15	-0.001	79.226	9331	79.357	79.374	79.413	79.329	79.227	79.226	79.119	79.342	79.258	79.282	79.284
78	2018.10.30 20:15	0.003	80.052	9419	80.226	80.237	80.214	80.211	80.048	80.052	80.121	80.130	80.113	80.085	80.121
79	2018.11.07 09:30	-0.001	81.981	9952	82.029	81.983	81.981	81.928	81.982	81.981	81.961	82.142	82.201	82.244	82.309
80	2018.11.09 18:15	-0.005	82.388	10179	82.423	82.443	82.428	82.422	82.392	82.388	82.279	82.198	82.156	82.180	82.216
81	2018.11.09 21:00	0.004	82.170	10190	82.241	82.226	82.200	82.184	82.167	82.170	82.120	82.209	82.230	82.237	82.253
82	2018.11.12 07:15	-0.002	82.279	10231	82.414	82.414	82.380	82.381	82.282	82.279	82.286	82.265	82.256	82.276	82.249
83	2018.11.13 11:30	0.006	82.108	10344	82.267	82.299	82.118	82.083	82.101	82.108	82.080	82.090	82.044	82.097	82.145
84	2018.11.16 05:15	-0.002	82.365	10607	82.550	82.498	82.448	82.349	82.367	82.365	82.395	82.473	82.383	82.387	82.403
85	2018.11.19 07:30	0.002	82.398	10712	82.379	82.404	82.376	82.391	82.397	82.398	82.413	82.409	82.463	82.462	82.428
86	2018.11.19 13:00	0.001	82.372	10734	82.382	82.380	82.382	82.356	82.369	82.372	82.360	82.308	82.286	82.276	82.324
87	2018.11.21 00:00	0.000	81.304	10874	81.357	81.371	81.403	81.425	81.371	81.304	81.237	81.197	81.211	81.281	81.303
88	2018.11.22 05:15	0.001	81.906	10991	81.992	81.953	81.945	81.927	81.904	81.906	81.931	81.917	81.911	81.888	81.958
89	2018.11.23 07:00	-0.003	81.844	11094	81.909	81.889	81.895	81.849	81.847	81.844	81.818	81.767	81.764	81.788	81.811
90	2018.11.27 17:45	-0.005	82.159	11327	82.119	82.100	82.191	82.156	82.163	82.159	82.098	82.138	82.071	82.019	82.000
91	2018.11.29 02:15	0.003	82.959	11457	82.981	82.944	82.946	82.909	82.954	82.959	82.921	82.867	82.851	82.851	82.803
92	2018.11.29 03:15	0.001	82.851	11461	82.954	82.959	82.921	82.867	82.851	82.851	82.803	82.773	82.818	82.803	82.776
93	2018.11.29 19:15	-0.003	82.889	11525	82.894	82.944	82.937	82.952	82.893	82.889	82.876	82.880	82.867	82.904	82.933
94	2018.11.30 17:30	0.003	82.778	11614	82.958	82.907	82.852	82.847	82.775	82.778	82.916	82.947	82.893	82.961	82.989
95	2018.12.04 16:30	-0.002	83.207	11802	83.264	83.204	83.234	83.172	83.210	83.207	83.141	83.124	83.122	83.115	83.099
96	2018.12.04 19:45	-0.011	82.793	11815	83.065	83.035	82.845	82.695	82.803	82.793	82.758	82.658	82.660	82.761	82.752
97	2018.12.10 18:45	0.009	81.188	12187	81.268	81.170	81.134	81.152	81.178	81.188	81.192	81.141	81.242	81.306	81.317
98	2018.12.11 20:45	0.003	81.525	12291	81.591	81.602	81.563	81.587	81.521	81.525	81.541	81.634	81.724	81.705	81.762
99	2018.12.12 09:00	-0.005	81.813	12340	81.813	81.819	81.830	81.854	81.819	81.813	81.801	81.759	81.749	81.785	81.765
100	2018.12.14 09:45	-0.001	81.502	12535	81.586	81.562	81.577	81.538	81.504	81.502	81.548	81.452	81.381	81.280	81.354
101	2018.12.17 14:00	0.002	81.300	12648	81.312	81.310	81.304	81.292	81.296	81.300	81.313	81.295	81.281	81.283	81.282
102	2018.12.17 15:00	0.000	81.283	12652	81.296	81.300	81.313	81.295	81.281	81.283	81.282	81.222	81.229	81.206	81.234
103	2018.12.17 21:15	0.002	80.909	12677	80.974	80.958	80.936	80.905	80.906	80.909	80.923	80.935	80.929	80.878	80.844
104	2018.12.18 18:00	0.002	80.769	12760	81.061	81.001	81.004	80.876	80.768	80.769	80.705	80.746	80.697	80.751	80.732
105	2018.12.20 08:45	0.002	79.396	12915	79.440	79.441	79.364	79.371	79.396	79.396	79.391	79.445	79.536	79.532	79.524
106	2018.12.21 12:30	-0.005	78.698	13026	78.735	78.712	78.688	78.686	78.704	78.698	78.746	78.797	78.808	78.871	78.862
107	2018.12.21 21:45	-0.003	78.414	13063	78.545	78.469	78.400	78.453	78.418	78.414	78.425	78.390	78.374	78.357	78.385
108	2018.12.24 00:45	-0.003	78.127	13075	78.284	78.231	78.094	78.144	78.132	78.127	78.235	78.314	78.364	78.282	78.351
109	2018.12.27 05:00	-0.003	78.326	13307	78.321	78.324	78.395	78.341	78.329	78.326	78.307	78.344	78.318	78.313	78.306
110	2018.12.28 09:45	-0.003	77.876	13422	77.938	77.956	77.904	77.894	77.882	77.876	77.830	77.895	77.889	77.851	77.813
111	2018.12.28 20:45	0.004	77.692	13466	77.748	77.729	77.767	77.705	77.686	77.692	77.744	77.713	77.773	77.792	77.764
112	2019.01.08 12:30	0.000	77.498	13817	77.662	77.643	77.617	77.522	77.498	77.498	77.454	77.462	77.490	77.606	77.600
113	2019.01.09 17:00	-0.006	77.864	13931	77.960	77.898	77.857	77.901	77.870	77.864	77.675	77.451	77.526	77.616	77.686
114	2019.01.09 23:30	-0.003	77.508	13957	77.716	77.593	77.559	77.539	77.513	77.508	77.556	77.566	77.555	77.565	77.591
115	2019.01.10 10:00	0.001	77.409	13999	77.499	77.465	77.505	77.499	77.408	77.409	77.493	77.510	77.528	77.572	77.593
116	2019.01.11 17:00	0.002	77.974	14123	78.066	78.010	78.066	77.981	77.971	77.974	77.949	77.954	78.056	78.039	78.031
117	2019.01.14 01:15	-0.003	78.093	14156	78.232	78.230	78.227	78.224	78.097	78.093	78.131	78.096	78.168	78.158	78.196
118	2019.01.18 23:30	0.003	78.622	14629	78.675	78.664	78.661	78.656	78.621	78.622	78.641	78.618	78.636	78.646	78.581
119	2019.01.22 13:15	0.000	77.941	14780	77.973	78.009	77.957	77.960	77.942	77.941	77.948	77.967	78.004	78.043	78.069
120	2019.01.24 19:30	0.000	77.734	14997	77.797	77.816	77.851	77.808	77.736	77.734	77.734	77.695	77.694	77.648	77.693
121	2019.01.24 19:45	0.000	77.734	14998	77.816	77.851	77.808	77.736	77.734	77.734	77.695	77.694	77.648	77.693	77.672
122	2019.01.28 03:00	0.003	78.521	15123	78.538	78.547	78.512	78.545	78.519	78.521	78.549	78.748	78.733	78.729	78.687
123	2019.01.28 17:30	0.006	78.354	15181	78.356	78.321	78.303	78.317	78.346	78.354	78.316	78.363	78.366	78.289	78.237
124	2019.01.31 12:30	-0.003	78.912	15449	79.023	78.956	78.931	78.929	78.915	78.912	78.955	78.993	79.052	79.050	79.053
125	2019.02.04 01:45	-0.001	79.320	15598	79.329	79.365	79.337	79.301	79.322	79.320	79.400	79.411	79.213	79.241	79.255
126	2019.02.04 03:15	0.008	79.261	15604	79.400	79.411	79.213	79.241	79.255	79.261	79.282	79.294	79.274	79.333	79.334
127	2019.02.05 16:15	-0.003	79.555	15752	79.633	79.607	79.589	79.568	79.557	79.555	79.609	79.551	79.484	79.442	79.466
128	2019.02.07 15:30	0.002	77.996	15941	78.078	77.991	78.023	77.975	77.995	77.996	78.021	78.099	78.029	78.004	78.056
129	2019.02.07 19:30	0.001	77.877	15957	77.914	77.856	77.814	77.817	77.874	77.877	77.855	77.936	77.963	77.961	77.986
130	2019.02.08 01:15	-0.001	77.944	15980	77.985	77.987	77.938	77.905	77.945	77.944	77.921	77.857	77.851	77.945	77.649
131	2019.02.12 23:30	0.000	78.386	16261	78.457	78.425	78.415	78.401	78.387	78.386	78.372	78.369	78.342	78.397	78.360
132	2019.02.13 11:45	0.002	78.767	16310	78.801	78.784	78.822	78.763	78.765	78.767	78.727	78.713	78.723	78.734	78.722
133	2019.02.14 12:15	0.005	78.868	16408	78.913	78.908	78.840	78.832	78.864	78.868	78.859	78.880	78.898	78.905	78.929
134	2019.02.14 18:15	-0.001	78.500	16432	78.528	78.496	78.490	78.547	78.501	78.500	78.472	78.486	78.531	78.550	78.559
135	2019.02.15 10:00	0.002	78.168	16495	78.289	78.350	78.279	78.145	78.162	78.168	78.165	78.208	78.213	78.200	78.233
136	2019.02.21 16:15	0.001	78.610	16904	78.713	78.681	78.675	78.668	78.609	78.610	78.555	78.541	78.450	78.412	78.481
137	2019.02.25 04:45	-0.003	78.940	17050	79.288	79.134	79.178	79.164	78.948	78.940	78.981	79.014	79.030	79.040	79.025
138	2019.02.26 09:30	0.000	79.286	17165	79.312	79.335	79.320	79.337	79.285	79.286	79.306	79.265	79.288	79.205	79.168
139	2019.02.27 11:45	-0.003	79.145	17270	79.222	79.146	79.132	79.169	79.148	79.145	79.141	79.175	79.158	79.151	79.156
140	2019.02.28 02:15	-0.003	79.210	17328	79.257	79.266	79.254	79.245	79.212	79.210	79.301	79.125	79.224	79.072	79.084
141	2019.02.28 19:30	0.008	79.020	17397	79.167	79.101	79.060	79.022	79.011	79.020	79.022	79.010	78.999	79.027	79.003
142	2019.03.01 17:45	-0.001	79.382	17486	79.452	79.505	79.468	79.359	79.384	79.382	79.280	79.296	79.258	79.217	79.232
143	2019.03.01 19:45	0.003	79.234	17494	79.258	79.217	79.232	79.231	79.230	79.234	79.263	79.223	79.220	79.215	79.233
144	2019.03.04 11:15	0.002	79.216	17556	79.258	79.278	79.163	79.166	79.215	79.216	79.195	79.217	79.221	79.202	79.222
145	2019.03.05 17:30	0.002	79.120	17677	79.222	79.203	79.199	79.190	79.117	79.120	79.109	79.182	79.174	79.209	79.202
146	2019.03.06 00:30	-0.001	79.222	17705	79.272	79.252	79.255	79.216	79.226	79.222	79.173	79.232	79.292	79.292	79.283
147	2019.03.06 03:45	0.004	78.898	17718	78.949	78.920	78.889	78.862	78.894	78.898	78.939	78.972	78.862	78.697	78.688
148	2019.03.07 02:00	0.002	78.492	17807	78.506	78.492	78.533	78.517	78.490	78.492	78.500	78.459	78.503	78.571	78.561
149	2019.03.07 12:15	-0.002	78.664	17848	78.700	78.673	78.680	78.695	78.666	78.664	78.659	78.693	78.700	78.695	78.708
150	2019.03.07 22:30	0.001	78.203	17889	78.326	78.305	78.185	78.207	78.197	78.203	78.232	78.275	78.308	78.324	78.278
151	2019.03.12 15:15	0.005	78.597	18148	78.614	78.560	78.605	78.613	78.592	78.597	78.728	78.778	78.661	78.685	78.726
152	2019.03.12 23:30	0.001	78.815	18181	78.848	78.865	78.851	78.800	78.817	78.815	78.835	78.784	78.789	78.814	78.816
153	2019.03.15 12:45	-0.001	79.062	18426	79.159	79.126	79.099	79.108	79.062	79.062	79.069	79.067	79.044	79.047	79.046
154	2019.03.15 13:45	0.004	79.047	18430	79.062	79.062	79.069	79.067	79.044	79.047	79.046	79.056	79.042	79.066	79.055
155	2019.03.15 14:00	0.000	79.046	18431	79.062	79.069	79.067	79.044	79.047	79.046	79.056	79.042	79.066	79.055	79.016
156	2019.03.18 19:45	-0.001	79.012	18550	79.070	79.088	79.001	79.024	79.013	79.012	79.034	79.006	79.032	79.042	79.023
157	2019.03.19 20:15	0.001	78.984	18648	79.085	79.030	79.059	78.993	78.983	78.984	79.026	78.984	78.982	79.003	79.025
158	2019.03.20 18:00	0.003	79.040	18735	79.105	79.078	79.101	79.063	79.037	79.040	79.088	79.032	78.961	78.974	79.016
159	2019.03.21 20:00	0.004	78.656	18839	78.821	78.760	78.602	78.645	78.652	78.656	78.687	78.698	78.755	78.710	78.784
160	2019.03.22 06:00	0.002	78.631	18879	78.641	78.649	78.628	78.641	78.628	78.631	78.639	78.700	78.701	78.702	78.733
161	2019.03.22 14:15	-0.004	78.281	18912	78.395	78.398	78.407	78.362	78.293	78.281	78.255	78.197	78.110	78.184	78.279
162	2019.03.22 18:30	0.005	77.903	18929	78.103	78.136	77.883	77.937	77.899	77.903	77.818	77.843	77.892	77.834	77.895
163	2019.03.27 18:45	0.001	78.044	19218	78.136	78.149	78.082	78.069	78.042	78.044	78.075	78.153	78.212	78.175	78.240
164	2019.03.28 02:30	-0.003	78.197	19249	78.296	78.315	78.292	78.287	78.201	78.197	78.272	78.068	78.128	78.131	78.107
165	2019.04.03 02:45	-0.002	78.551	19634	78.637	78.576	78.612	78.590	78.552	78.551	78.525	78.536	79.052	79.063	79.051
166	2019.04.03 16:45	0.002	79.303	19690	79.370	79.335	79.286	79.305	79.298	79.303	79.333	79.336	79.382	79.355	79.386
167	2019.04.03 21:00	-0.002	79.317	19707	79.372	79.380	79.367	79.372	79.319	79.317	79.359	79.314	79.319	79.285	79.308
168	2019.04.04 07:30	0.003	79.239	19749	79.296	79.264	79.296	79.287	79.236	79.239	79.212	79.243	79.253	79.250	79.307
169	2019.04.04 11:30	0.004	79.221	19765	79.311	79.279	79.254	79.262	79.219	79.221	79.196	79.185	79.168	79.199	79.242
170	2019.04.05 02:45	-0.003	79.372	19826	79.397	79.380	79.404	79.399	79.376	79.372	79.507	79.538	79.547	79.493	79.477
171	2019.04.05 12:45	-0.003	79.526	19866	79.550	79.574	79.564	79.558	79.529	79.526	79.506	79.515	79.552	79.498	79.509
172	2019.04.09 01:00	0.001	79.426	20011	79.446	79.457	79.408	79.409	79.425	79.426	79.433	79.411	79.376	79.385	79.400
173	2019.04.11 16:00	-0.005	79.491	20263	79.547	79.504	79.479	79.490	79.496	79.491	79.484	79.529	79.558	79.550	79.527
174	2019.04.11 19:15	0.002	79.439	20276	79.557	79.498	79.439	79.458	79.438	79.439	79.462	79.481	79.487	79.472	79.472
175	2019.04.15 09:45	0.001	80.209	20430	80.263	80.205	80.232	80.274	80.212	80.209	80.230	80.315	80.276	80.263	80.242
176	2019.04.15 22:30	0.000	80.320	20481	80.382	80.373	80.349	80.327	80.321	80.320	80.310	80.337	80.341	80.344	80.355
177	2019.04.19 20:15	-0.001	79.985	20856	79.999	79.990	79.986	79.972	79.986	79.985	80.000	79.994	80.000	79.993	79.987
178	2019.04.22 05:00	-0.005	79.937	20891	80.036	80.000	79.909	79.971	79.943	79.937	79.931	79.954	79.948	79.943	79.923
179	2019.04.23 21:15	0.001	79.282	21052	79.306	79.291	79.286	79.290	79.279	79.282	79.294	79.309	79.337	79.352	79.353
180	2019.04.24 03:45	-0.004	79.306	21078	79.340	79.340	79.310	79.275	79.309	79.306	79.295	79.269	78.808	78.748	78.642
181	2019.04.24 05:30	0.002	78.691	21085	79.269	78.808	78.748	78.642	78.694	78.691	78.696	78.667	78.645	78.588	78.504
