[libfx_5.py:464 / 20190731_162632]
fname_Src_Csv	44_5.1_10_rawdata.(AUDJPY).(Period-M15).(NumOfUnits-18000).(Bars-ALL-20190424_184417).20190311_081029.[SLICE-1000].csv
dpath_Src_Csv	C:\WORKS_2\WS\WS_Others.prog\prog\D-7\2_2\VIRTUAL\Admin_Projects\curr\data\csv_raw


[libfx_5.py:584 / 20190731_162632] cntOf_SLs	\280 (0.805)
cntOf_TPs	\68 (0.195)

st_idx	st_pr	cu_idx	cu_pr	e0.price_High	e0.price_Low	exit
1	10	79.086	12	79.090	79.091	79.029	STATUS_POS_EXIT__SL
2	14	79.057	14	79.036	79.274	79.036	STATUS_POS_EXIT__TP
3	16	79.223	16	79.223	79.281	79.192	STATUS_POS_EXIT__SL
4	17	79.238	17	79.247	79.371	79.226	STATUS_POS_EXIT__TP
5	19	79.295	19	79.295	79.317	79.262	STATUS_POS_EXIT__SL
6	20	79.284	23	79.345	79.413	79.325	STATUS_POS_EXIT__TP
7	25	79.398	27	79.443	79.452	79.412	STATUS_POS_EXIT__SL
8	29	79.411	30	79.478	79.504	79.417	STATUS_POS_EXIT__SL
9	32	79.479	33	79.482	79.481	79.417	STATUS_POS_EXIT__SL
10	35	79.439	41	79.518	79.519	79.456	STATUS_POS_EXIT__SL
11	43	79.466	45	79.525	79.528	79.477	STATUS_POS_EXIT__SL
12	47	79.480	47	79.494	79.497	79.447	STATUS_POS_EXIT__SL
13	49	79.450	49	79.450	79.465	79.399	STATUS_POS_EXIT__SL
14	50	79.422	50	79.422	79.422	79.332	STATUS_POS_EXIT__SL
15	51	79.349	51	79.349	79.431	79.315	STATUS_POS_EXIT__TP
16	52	79.378	52	79.378	79.398	79.333	STATUS_POS_EXIT__SL
17	53	79.349	53	79.349	79.357	79.243	STATUS_POS_EXIT__SL
18	54	79.288	54	79.288	79.360	79.275	STATUS_POS_EXIT__TP
19	55	79.285	56	79.320	79.336	79.271	STATUS_POS_EXIT__SL
20	58	79.296	58	79.284	79.300	79.236	STATUS_POS_EXIT__SL
21	60	79.262	60	79.262	79.302	79.212	STATUS_POS_EXIT__SL
22	61	79.243	61	79.286	79.358	79.277	STATUS_POS_EXIT__TP
23	63	79.343	63	79.343	79.409	79.343	STATUS_POS_EXIT__TP
24	64	79.402	65	79.371	79.460	79.363	STATUS_POS_EXIT__TP
25	67	79.455	67	79.455	79.515	79.455	STATUS_POS_EXIT__TP
26	68	79.493	71	79.508	79.520	79.457	STATUS_POS_EXIT__SL
27	73	79.442	73	79.442	79.524	79.440	STATUS_POS_EXIT__TP
28	74	79.523	74	79.523	79.567	79.488	STATUS_POS_EXIT__SL
29	75	79.494	76	79.521	79.592	79.512	STATUS_POS_EXIT__TP
30	78	79.584	78	79.572	79.583	79.538	STATUS_POS_EXIT__SL
31	80	79.545	80	79.545	79.547	79.512	STATUS_POS_EXIT__SL
32	81	79.541	84	79.590	79.567	79.492	STATUS_POS_EXIT__SL
33	86	79.533	86	79.564	79.565	79.505	STATUS_POS_EXIT__SL
34	88	79.511	88	79.511	79.528	79.465	STATUS_POS_EXIT__SL
35	89	79.508	90	79.550	79.549	79.511	STATUS_POS_EXIT__SL
36	92	79.521	92	79.542	79.545	79.501	STATUS_POS_EXIT__SL
37	94	79.500	97	79.585	79.600	79.537	STATUS_POS_EXIT__SL
38	99	79.556	102	79.591	79.624	79.562	STATUS_POS_EXIT__SL
39	104	79.570	104	79.570	79.586	79.530	STATUS_POS_EXIT__SL
40	105	79.543	105	79.543	79.579	79.503	STATUS_POS_EXIT__SL
41	106	79.512	108	79.513	79.523	79.469	STATUS_POS_EXIT__SL
42	110	79.489	110	79.489	79.489	79.423	STATUS_POS_EXIT__SL
43	111	79.459	118	79.575	79.575	79.537	STATUS_POS_EXIT__SL
44	120	79.543	121	79.574	79.583	79.534	STATUS_POS_EXIT__SL
45	123	79.542	123	79.582	79.586	79.523	STATUS_POS_EXIT__SL
46	125	79.555	125	79.551	79.616	79.545	STATUS_POS_EXIT__TP
47	127	79.604	127	79.604	79.634	79.551	STATUS_POS_EXIT__SL
48	128	79.558	128	79.558	79.558	79.494	STATUS_POS_EXIT__SL
49	129	79.503	129	79.529	79.538	79.492	STATUS_POS_EXIT__SL
50	131	79.509	141	79.547	79.572	79.513	STATUS_POS_EXIT__SL
51	143	79.518	144	79.547	79.549	79.490	STATUS_POS_EXIT__SL
52	146	79.503	152	79.558	79.590	79.522	STATUS_POS_EXIT__SL
53	154	79.550	156	79.593	79.597	79.525	STATUS_POS_EXIT__SL
54	158	79.555	158	79.555	79.569	79.498	STATUS_POS_EXIT__SL
55	159	79.499	159	79.499	79.508	79.424	STATUS_POS_EXIT__SL
56	160	79.439	171	79.493	79.506	79.462	STATUS_POS_EXIT__SL
57	173	79.483	182	79.545	79.550	79.514	STATUS_POS_EXIT__SL
58	184	79.514	186	79.534	79.533	79.499	STATUS_POS_EXIT__SL
59	188	79.518	192	79.522	79.530	79.458	STATUS_POS_EXIT__SL
60	194	79.464	194	79.505	79.614	79.505	STATUS_POS_EXIT__TP
61	196	79.600	196	79.600	79.745	79.574	STATUS_POS_EXIT__TP
62	197	79.675	197	79.675	79.721	79.629	STATUS_POS_EXIT__SL
63	198	79.688	198	79.688	79.709	79.653	STATUS_POS_EXIT__SL
64	199	79.681	199	79.681	79.683	79.514	STATUS_POS_EXIT__SL
65	200	79.556	200	79.545	79.643	79.543	STATUS_POS_EXIT__TP
66	202	79.639	202	79.639	79.695	79.604	STATUS_POS_EXIT__SL
67	203	79.612	215	79.761	79.766	79.719	STATUS_POS_EXIT__SL
68	217	79.720	217	79.720	79.726	79.661	STATUS_POS_EXIT__SL
69	218	79.684	218	79.684	79.804	79.693	STATUS_POS_EXIT__TP
70	220	79.706	223	79.757	79.759	79.683	STATUS_POS_EXIT__SL
71	225	79.700	225	79.700	79.927	79.693	STATUS_POS_EXIT__TP
72	226	79.905	226	79.905	79.949	79.874	STATUS_POS_EXIT__SL
73	227	79.937	227	79.937	80.065	79.932	STATUS_POS_EXIT__TP
74	228	80.029	228	80.029	80.134	79.986	STATUS_POS_EXIT__TP
75	229	80.120	229	80.120	80.121	80.073	STATUS_POS_EXIT__SL
76	230	80.078	230	80.078	80.081	80.030	STATUS_POS_EXIT__SL
77	231	80.055	231	80.055	80.132	80.052	STATUS_POS_EXIT__TP
78	232	80.118	232	80.126	80.240	80.104	STATUS_POS_EXIT__TP
79	234	80.210	234	80.227	80.228	80.188	STATUS_POS_EXIT__SL
80	236	80.215	236	80.215	80.224	80.180	STATUS_POS_EXIT__SL
81	237	80.221	237	80.221	80.314	80.212	STATUS_POS_EXIT__TP
82	238	80.301	238	80.311	80.335	80.280	STATUS_POS_EXIT__SL
83	240	80.295	240	80.283	80.381	80.274	STATUS_POS_EXIT__TP
84	242	80.381	242	80.381	80.382	80.337	STATUS_POS_EXIT__SL
85	243	80.348	245	80.458	80.466	80.388	STATUS_POS_EXIT__SL
86	247	80.403	247	80.403	80.445	80.354	STATUS_POS_EXIT__SL
87	248	80.447	248	80.447	80.448	80.387	STATUS_POS_EXIT__SL
88	249	80.412	250	80.436	80.485	80.370	STATUS_POS_EXIT__SL
89	252	80.371	252	80.371	80.410	80.333	STATUS_POS_EXIT__SL
90	253	80.371	253	80.371	80.393	80.335	STATUS_POS_EXIT__SL
91	254	80.385	254	80.419	80.430	80.371	STATUS_POS_EXIT__SL
92	256	80.394	256	80.394	80.396	80.355	STATUS_POS_EXIT__SL
93	257	80.374	259	80.387	80.398	80.345	STATUS_POS_EXIT__SL
94	261	80.399	261	80.399	80.399	80.369	STATUS_POS_EXIT__SL
95	262	80.377	266	80.424	80.426	80.383	STATUS_POS_EXIT__SL
96	268	80.408	268	80.408	80.418	80.375	STATUS_POS_EXIT__SL
97	269	80.392	269	80.392	80.402	80.356	STATUS_POS_EXIT__SL
98	270	80.371	272	80.356	80.356	80.321	STATUS_POS_EXIT__SL
99	274	80.331	276	80.332	80.374	80.303	STATUS_POS_EXIT__SL
100	278	80.323	278	80.323	80.401	80.295	STATUS_POS_EXIT__TP
101	279	80.337	279	80.337	80.368	80.302	STATUS_POS_EXIT__SL
102	280	80.368	280	80.368	80.384	80.335	STATUS_POS_EXIT__SL
103	281	80.356	282	80.365	80.383	80.331	STATUS_POS_EXIT__SL
104	284	80.350	287	80.373	80.373	80.321	STATUS_POS_EXIT__SL
105	289	80.337	289	80.337	80.412	80.332	STATUS_POS_EXIT__TP
106	290	80.374	290	80.374	80.375	80.326	STATUS_POS_EXIT__SL
107	291	80.360	291	80.360	80.360	80.295	STATUS_POS_EXIT__SL
108	292	80.325	292	80.325	80.347	80.255	STATUS_POS_EXIT__SL
109	293	80.262	293	80.262	80.275	80.212	STATUS_POS_EXIT__SL
110	294	80.215	294	80.215	80.311	80.204	STATUS_POS_EXIT__TP
111	295	80.292	295	80.292	80.345	80.258	STATUS_POS_EXIT__SL
112	296	80.335	296	80.335	80.339	80.267	STATUS_POS_EXIT__SL
113	297	80.306	298	80.364	80.387	80.333	STATUS_POS_EXIT__SL
114	300	80.387	300	80.409	80.412	80.358	STATUS_POS_EXIT__SL
115	302	80.357	302	80.357	80.360	80.298	STATUS_POS_EXIT__SL
116	303	80.292	303	80.292	80.294	80.260	STATUS_POS_EXIT__SL
117	304	80.285	306	80.317	80.318	80.269	STATUS_POS_EXIT__SL
118	308	80.270	308	80.270	80.271	80.232	STATUS_POS_EXIT__SL
119	309	80.252	309	80.294	80.311	80.243	STATUS_POS_EXIT__SL
120	311	80.265	311	80.263	80.263	80.205	STATUS_POS_EXIT__SL
121	313	80.206	314	80.274	80.274	80.203	STATUS_POS_EXIT__SL
122	316	80.208	317	80.230	80.326	80.229	STATUS_POS_EXIT__TP
123	319	80.317	319	80.317	80.318	80.265	STATUS_POS_EXIT__SL
124	320	80.277	320	80.263	80.267	80.217	STATUS_POS_EXIT__SL
125	322	80.243	323	80.293	80.308	80.247	STATUS_POS_EXIT__SL
126	325	80.259	329	80.329	80.348	80.291	STATUS_POS_EXIT__SL
127	331	80.294	333	80.289	80.366	80.286	STATUS_POS_EXIT__TP
128	335	80.348	335	80.348	80.358	80.317	STATUS_POS_EXIT__SL
129	336	80.327	342	80.402	80.428	80.354	STATUS_POS_EXIT__SL
130	344	80.371	344	80.371	80.374	80.316	STATUS_POS_EXIT__SL
131	345	80.343	345	80.379	80.404	80.350	STATUS_POS_EXIT__SL
132	347	80.349	347	80.349	80.349	80.250	STATUS_POS_EXIT__SL
133	348	80.283	348	80.283	80.388	80.262	STATUS_POS_EXIT__TP
134	349	80.383	349	80.383	80.394	80.293	STATUS_POS_EXIT__SL
135	350	80.330	352	80.396	80.409	80.363	STATUS_POS_EXIT__SL
136	354	80.367	363	80.373	80.372	80.329	STATUS_POS_EXIT__SL
137	365	80.353	365	80.353	80.357	80.317	STATUS_POS_EXIT__SL
138	366	80.328	373	80.345	80.352	80.292	STATUS_POS_EXIT__SL
139	375	80.326	375	80.326	80.330	80.276	STATUS_POS_EXIT__SL
140	376	80.282	382	80.306	80.315	80.273	STATUS_POS_EXIT__SL
141	384	80.305	384	80.303	80.375	80.296	STATUS_POS_EXIT__TP
142	386	80.365	386	80.365	80.386	80.312	STATUS_POS_EXIT__SL
143	387	80.320	387	80.320	80.321	80.271	STATUS_POS_EXIT__SL
144	389	80.289	389	80.266	80.274	80.209	STATUS_POS_EXIT__SL
145	391	80.225	391	80.225	80.271	80.054	STATUS_POS_EXIT__SL
146	392	80.071	392	80.071	80.092	79.949	STATUS_POS_EXIT__SL
147	393	79.993	393	79.993	80.005	79.903	STATUS_POS_EXIT__SL
148	394	79.907	394	79.907	79.984	79.902	STATUS_POS_EXIT__TP
149	395	79.984	396	80.027	80.030	79.968	STATUS_POS_EXIT__SL
150	398	79.993	404	80.035	80.041	79.992	STATUS_POS_EXIT__SL
151	406	79.997	406	79.997	80.059	79.990	STATUS_POS_EXIT__TP
152	407	80.059	407	80.059	80.066	80.015	STATUS_POS_EXIT__SL
153	408	80.045	408	80.045	80.046	79.960	STATUS_POS_EXIT__SL
154	409	79.988	409	80.019	80.027	79.981	STATUS_POS_EXIT__SL
155	411	79.995	411	80.009	80.009	79.947	STATUS_POS_EXIT__SL
156	413	79.965	417	80.007	80.023	79.963	STATUS_POS_EXIT__SL
157	419	79.962	420	80.028	80.042	79.938	STATUS_POS_EXIT__SL
158	422	79.936	422	79.936	80.001	79.914	STATUS_POS_EXIT__TP
159	423	79.956	423	79.956	79.959	79.913	STATUS_POS_EXIT__SL
160	424	79.927	424	79.927	79.961	79.895	STATUS_POS_EXIT__SL
161	425	79.931	425	79.963	79.971	79.905	STATUS_POS_EXIT__SL
162	427	79.912	430	80.021	80.085	80.000	STATUS_POS_EXIT__TP
163	432	80.083	432	80.083	80.234	80.079	STATUS_POS_EXIT__TP
164	433	80.221	433	80.221	80.286	80.221	STATUS_POS_EXIT__TP
165	434	80.284	434	80.283	80.284	80.222	STATUS_POS_EXIT__SL
166	436	80.232	436	80.224	80.287	80.211	STATUS_POS_EXIT__TP
167	438	80.259	439	80.310	80.313	80.265	STATUS_POS_EXIT__SL
168	441	80.295	441	80.295	80.359	80.293	STATUS_POS_EXIT__TP
169	442	80.353	442	80.353	80.383	80.320	STATUS_POS_EXIT__SL
170	443	80.361	443	80.337	80.358	80.291	STATUS_POS_EXIT__SL
171	445	80.300	446	80.319	80.318	80.265	STATUS_POS_EXIT__SL
172	448	80.275	451	80.305	80.305	80.265	STATUS_POS_EXIT__SL
173	453	80.295	462	80.340	80.339	80.300	STATUS_POS_EXIT__SL
174	464	80.308	474	80.357	80.372	80.317	STATUS_POS_EXIT__SL
175	476	80.333	476	80.333	80.333	80.101	STATUS_POS_EXIT__SL
176	477	80.184	477	80.184	80.246	80.173	STATUS_POS_EXIT__TP
177	478	80.236	478	80.236	80.261	80.201	STATUS_POS_EXIT__SL
178	479	80.239	480	80.212	80.339	80.191	STATUS_POS_EXIT__TP
179	482	80.336	482	80.336	80.351	80.287	STATUS_POS_EXIT__SL
180	483	80.311	483	80.311	80.337	80.275	STATUS_POS_EXIT__SL
181	484	80.312	484	80.312	80.322	80.279	STATUS_POS_EXIT__SL
182	485	80.288	485	80.288	80.301	80.206	STATUS_POS_EXIT__SL
183	486	80.217	486	80.217	80.237	80.104	STATUS_POS_EXIT__SL
184	487	80.108	487	80.108	80.189	80.108	STATUS_POS_EXIT__TP
185	488	80.182	488	80.182	80.447	80.170	STATUS_POS_EXIT__TP
186	489	80.399	489	80.399	80.718	80.399	STATUS_POS_EXIT__TP
187	490	80.565	490	80.565	80.591	80.489	STATUS_POS_EXIT__SL
188	491	80.495	491	80.495	80.600	80.470	STATUS_POS_EXIT__TP
189	492	80.552	492	80.544	80.543	80.435	STATUS_POS_EXIT__SL
190	494	80.472	494	80.472	80.474	80.408	STATUS_POS_EXIT__SL
191	495	80.420	498	80.516	80.528	80.473	STATUS_POS_EXIT__SL
192	500	80.487	504	80.615	80.633	80.584	STATUS_POS_EXIT__SL
193	506	80.606	506	80.606	80.613	80.534	STATUS_POS_EXIT__SL
194	507	80.554	507	80.534	80.559	80.497	STATUS_POS_EXIT__SL
195	509	80.509	509	80.509	80.571	80.500	STATUS_POS_EXIT__TP
196	510	80.555	510	80.604	80.618	80.572	STATUS_POS_EXIT__SL
197	512	80.592	512	80.602	80.667	80.596	STATUS_POS_EXIT__TP
198	514	80.656	514	80.680	80.680	80.587	STATUS_POS_EXIT__SL
199	516	80.593	516	80.619	80.626	80.573	STATUS_POS_EXIT__SL
200	518	80.621	518	80.621	80.631	80.589	STATUS_POS_EXIT__SL
201	519	80.602	519	80.602	80.677	80.582	STATUS_POS_EXIT__TP
202	520	80.595	525	80.592	80.592	80.543	STATUS_POS_EXIT__SL
203	527	80.549	527	80.541	80.545	80.502	STATUS_POS_EXIT__SL
204	529	80.509	532	80.559	80.573	80.516	STATUS_POS_EXIT__SL
205	534	80.551	534	80.601	80.601	80.457	STATUS_POS_EXIT__SL
206	536	80.481	536	80.481	80.483	80.418	STATUS_POS_EXIT__SL
207	537	80.423	537	80.423	80.433	80.200	STATUS_POS_EXIT__SL
208	538	80.260	539	80.341	80.416	80.341	STATUS_POS_EXIT__TP
209	541	80.384	541	80.384	80.400	80.334	STATUS_POS_EXIT__SL
210	542	80.347	542	80.347	80.357	80.270	STATUS_POS_EXIT__SL
211	543	80.278	543	80.278	80.278	80.207	STATUS_POS_EXIT__SL
212	544	80.255	544	80.243	80.256	80.203	STATUS_POS_EXIT__SL
213	546	80.210	546	80.210	80.229	80.178	STATUS_POS_EXIT__SL
214	547	80.219	551	80.339	80.349	80.305	STATUS_POS_EXIT__SL
215	553	80.306	553	80.306	80.312	80.271	STATUS_POS_EXIT__SL
216	554	80.281	564	80.424	80.405	80.330	STATUS_POS_EXIT__SL
217	566	80.391	566	80.391	80.415	80.339	STATUS_POS_EXIT__SL
218	567	80.379	567	80.379	80.428	80.348	STATUS_POS_EXIT__SL
219	568	80.361	569	80.410	80.413	80.377	STATUS_POS_EXIT__SL
220	571	80.397	571	80.397	80.413	80.353	STATUS_POS_EXIT__SL
221	572	80.366	575	80.382	80.387	80.344	STATUS_POS_EXIT__SL
222	577	80.346	577	80.346	80.365	80.310	STATUS_POS_EXIT__SL
223	578	80.322	578	80.322	80.349	80.271	STATUS_POS_EXIT__SL
224	579	80.278	579	80.294	80.298	80.248	STATUS_POS_EXIT__SL
225	581	80.260	581	80.260	80.327	80.185	STATUS_POS_EXIT__TP
226	582	80.225	582	80.210	80.590	80.195	STATUS_POS_EXIT__TP
227	584	80.349	584	80.349	80.377	80.221	STATUS_POS_EXIT__SL
228	585	80.253	585	80.290	80.357	80.285	STATUS_POS_EXIT__TP
229	587	80.350	589	80.399	80.425	80.312	STATUS_POS_EXIT__SL
230	591	80.326	591	80.326	80.326	80.255	STATUS_POS_EXIT__SL
231	592	80.292	592	80.273	80.348	80.268	STATUS_POS_EXIT__TP
232	594	80.323	595	80.329	80.332	80.285	STATUS_POS_EXIT__SL
233	597	80.301	599	80.352	80.366	80.321	STATUS_POS_EXIT__SL
234	601	80.343	604	80.397	80.426	80.345	STATUS_POS_EXIT__SL
235	606	80.360	606	80.368	80.373	80.234	STATUS_POS_EXIT__SL
236	608	80.266	608	80.266	80.272	80.157	STATUS_POS_EXIT__SL
237	609	80.193	609	80.193	80.196	80.024	STATUS_POS_EXIT__SL
238	610	80.095	610	80.095	80.159	80.094	STATUS_POS_EXIT__TP
239	611	80.106	612	80.139	80.145	80.083	STATUS_POS_EXIT__SL
240	614	80.090	614	80.090	80.093	80.047	STATUS_POS_EXIT__SL
241	615	80.059	622	80.117	80.122	80.089	STATUS_POS_EXIT__SL
242	624	80.093	624	80.095	80.120	80.060	STATUS_POS_EXIT__SL
243	626	80.062	626	80.043	80.133	80.044	STATUS_POS_EXIT__TP
244	628	80.103	628	80.093	80.127	80.058	STATUS_POS_EXIT__SL
245	630	80.118	630	80.125	80.163	80.094	STATUS_POS_EXIT__SL
246	632	80.116	632	80.116	80.153	80.075	STATUS_POS_EXIT__SL
247	633	80.085	633	80.085	80.092	80.046	STATUS_POS_EXIT__SL
248	634	80.051	634	80.051	80.073	79.980	STATUS_POS_EXIT__SL
249	635	80.004	635	80.004	80.018	79.951	STATUS_POS_EXIT__SL
250	636	79.976	640	80.012	80.015	79.959	STATUS_POS_EXIT__SL
251	642	79.958	643	79.954	79.974	79.910	STATUS_POS_EXIT__SL
252	645	79.918	646	79.956	79.964	79.928	STATUS_POS_EXIT__SL
253	648	79.937	654	80.004	80.003	79.968	STATUS_POS_EXIT__SL
254	656	79.986	656	79.975	80.042	79.973	STATUS_POS_EXIT__TP
255	658	80.036	661	80.036	80.036	80.001	STATUS_POS_EXIT__SL
256	663	80.028	668	80.069	80.071	80.030	STATUS_POS_EXIT__SL
257	670	80.045	671	80.059	80.060	80.014	STATUS_POS_EXIT__SL
258	673	80.018	675	80.023	80.069	79.993	STATUS_POS_EXIT__SL
259	677	80.017	677	80.017	80.017	79.964	STATUS_POS_EXIT__SL
260	678	79.988	698	80.067	80.111	80.025	STATUS_POS_EXIT__SL
261	700	80.026	700	80.030	80.090	80.024	STATUS_POS_EXIT__TP
262	702	80.055	709	80.062	80.063	80.010	STATUS_POS_EXIT__SL
263	711	80.034	716	80.055	80.055	80.022	STATUS_POS_EXIT__SL
264	718	80.023	720	80.055	80.056	80.016	STATUS_POS_EXIT__SL
265	722	80.045	722	80.045	80.048	80.007	STATUS_POS_EXIT__SL
266	724	80.013	734	80.009	80.012	79.959	STATUS_POS_EXIT__SL
267	736	79.991	736	79.991	79.991	79.961	STATUS_POS_EXIT__SL
268	737	79.964	747	79.987	80.047	79.978	STATUS_POS_EXIT__TP
269	749	80.017	749	80.017	80.021	79.986	STATUS_POS_EXIT__SL
270	750	80.008	756	80.031	79.976	79.877	STATUS_POS_EXIT__SL
271	758	79.972	758	79.978	79.987	79.950	STATUS_POS_EXIT__SL
272	760	79.982	760	79.976	80.023	79.941	STATUS_POS_EXIT__SL
273	762	80.012	768	79.989	80.004	79.961	STATUS_POS_EXIT__SL
274	770	79.975	770	79.991	80.071	79.980	STATUS_POS_EXIT__TP
275	772	80.061	772	80.061	80.079	80.027	STATUS_POS_EXIT__SL
276	773	80.037	773	80.037	80.056	79.995	STATUS_POS_EXIT__SL
277	774	80.000	774	80.000	80.002	79.906	STATUS_POS_EXIT__SL
278	775	79.908	775	79.908	79.981	79.903	STATUS_POS_EXIT__TP
279	776	79.970	776	79.970	79.983	79.939	STATUS_POS_EXIT__SL
280	777	79.942	780	79.948	79.962	79.913	STATUS_POS_EXIT__SL
281	782	79.943	782	79.943	79.957	79.913	STATUS_POS_EXIT__SL
282	783	79.922	783	79.922	79.923	79.878	STATUS_POS_EXIT__SL
283	784	79.887	784	79.887	79.891	79.849	STATUS_POS_EXIT__SL
284	785	79.849	793	79.938	79.949	79.894	STATUS_POS_EXIT__SL
285	795	79.919	795	79.919	79.923	79.874	STATUS_POS_EXIT__SL
286	796	79.877	811	79.887	79.887	79.843	STATUS_POS_EXIT__SL
287	813	79.857	817	79.853	79.858	79.821	STATUS_POS_EXIT__SL
288	819	79.823	819	79.824	79.837	79.774	STATUS_POS_EXIT__SL
289	821	79.774	821	79.774	79.857	79.773	STATUS_POS_EXIT__TP
290	822	79.848	826	79.851	79.848	79.813	STATUS_POS_EXIT__SL
291	828	79.813	828	79.837	79.840	79.804	STATUS_POS_EXIT__SL
292	830	79.810	843	79.870	79.877	79.815	STATUS_POS_EXIT__SL
293	845	79.819	851	79.884	79.885	79.854	STATUS_POS_EXIT__SL
294	853	79.810	864	79.842	79.845	79.781	STATUS_POS_EXIT__SL
295	866	79.798	866	79.798	79.805	79.725	STATUS_POS_EXIT__SL
296	867	79.732	867	79.732	79.745	79.632	STATUS_POS_EXIT__SL
297	868	79.695	868	79.695	79.727	79.591	STATUS_POS_EXIT__SL
298	869	79.597	869	79.603	79.607	79.548	STATUS_POS_EXIT__SL
299	871	79.590	871	79.590	79.692	79.589	STATUS_POS_EXIT__TP
300	872	79.685	872	79.685	79.689	79.629	STATUS_POS_EXIT__SL
301	873	79.679	875	79.682	79.683	79.644	STATUS_POS_EXIT__SL
302	877	79.671	880	79.710	79.710	79.663	STATUS_POS_EXIT__SL
303	882	79.671	887	79.690	79.693	79.632	STATUS_POS_EXIT__SL
304	889	79.692	889	79.692	79.713	79.647	STATUS_POS_EXIT__SL
305	890	79.666	890	79.666	79.667	79.636	STATUS_POS_EXIT__SL
306	891	79.656	891	79.656	79.664	79.613	STATUS_POS_EXIT__SL
307	892	79.625	892	79.625	79.632	79.579	STATUS_POS_EXIT__SL
308	893	79.599	894	79.572	79.592	79.527	STATUS_POS_EXIT__SL
309	896	79.539	896	79.542	79.589	79.509	STATUS_POS_EXIT__SL
310	898	79.578	902	79.564	79.572	79.534	STATUS_POS_EXIT__SL
311	904	79.564	908	79.538	79.542	79.506	STATUS_POS_EXIT__SL
312	910	79.541	914	79.556	79.557	79.500	STATUS_POS_EXIT__SL
313	916	79.510	916	79.510	79.532	79.469	STATUS_POS_EXIT__SL
314	917	79.514	917	79.514	79.540	79.483	STATUS_POS_EXIT__SL
315	918	79.497	919	79.500	79.502	79.434	STATUS_POS_EXIT__SL
316	921	79.457	921	79.457	79.483	79.372	STATUS_POS_EXIT__SL
317	922	79.373	922	79.373	79.376	79.286	STATUS_POS_EXIT__SL
318	923	79.300	923	79.300	79.347	79.257	STATUS_POS_EXIT__SL
319	924	79.347	925	79.348	79.352	79.314	STATUS_POS_EXIT__SL
320	927	79.332	927	79.321	79.384	79.321	STATUS_POS_EXIT__TP
321	929	79.378	929	79.362	79.363	79.328	STATUS_POS_EXIT__SL
322	931	79.352	931	79.327	79.330	79.289	STATUS_POS_EXIT__SL
323	933	79.315	948	79.437	79.415	79.353	STATUS_POS_EXIT__SL
324	950	79.354	954	79.369	79.374	79.305	STATUS_POS_EXIT__SL
325	956	79.334	958	79.358	79.373	79.324	STATUS_POS_EXIT__SL
326	960	79.341	960	79.340	79.347	79.298	STATUS_POS_EXIT__SL
327	962	79.309	962	79.309	79.314	79.243	STATUS_POS_EXIT__SL
328	963	79.274	964	79.306	79.332	79.270	STATUS_POS_EXIT__SL
329	966	79.296	966	79.296	79.357	79.259	STATUS_POS_EXIT__TP
330	967	79.256	967	79.256	79.256	78.704	STATUS_POS_EXIT__SL
331	968	78.808	968	78.808	78.808	78.683	STATUS_POS_EXIT__SL
332	969	78.749	969	78.749	78.750	78.598	STATUS_POS_EXIT__SL
333	970	78.644	970	78.644	78.710	78.606	STATUS_POS_EXIT__TP
334	971	78.689	971	78.691	78.707	78.642	STATUS_POS_EXIT__SL
335	973	78.694	973	78.694	78.694	78.610	STATUS_POS_EXIT__SL
336	974	78.666	974	78.666	78.666	78.606	STATUS_POS_EXIT__SL
337	975	78.644	975	78.644	78.650	78.584	STATUS_POS_EXIT__SL
338	976	78.586	976	78.586	78.606	78.495	STATUS_POS_EXIT__SL
339	977	78.503	977	78.503	78.565	78.499	STATUS_POS_EXIT__TP
340	978	78.555	984	78.650	78.651	78.574	STATUS_POS_EXIT__SL
341	986	78.578	986	78.578	78.585	78.538	STATUS_POS_EXIT__SL
342	987	78.550	987	78.550	78.630	78.545	STATUS_POS_EXIT__TP
343	988	78.624	988	78.624	78.634	78.567	STATUS_POS_EXIT__SL
344	989	78.579	989	78.579	78.641	78.548	STATUS_POS_EXIT__TP
345	990	78.634	990	78.634	78.720	78.604	STATUS_POS_EXIT__TP
346	991	78.714	991	78.714	78.750	78.683	STATUS_POS_EXIT__SL
347	992	78.695	992	78.704	78.725	78.632	STATUS_POS_EXIT__SL
348	994	78.686	997	78.797	78.804	78.761	STATUS_POS_EXIT__SL


