[20190503_001757 / libfx_2.py:6507]
file(this)	data.[Sec_1_A12_Detect].[dp-mountain~list].(20190503_001459).dat
pair	AUDJPY
timeframe	M15
source	44_5.1_10_rawdata.(AUDJPY).(Period-M15).(NumOfUnits-18000).(Bars-ALL-20190424_184417).20190311_081029.[SLICE-1000].csv
start	2019.04.10 02:45
end	2019.04.24 12:30
ratioOf_TS	0.300
lenOf_LO_BDs	1000

------------------------------
s.n.	BD.start	list_index	open	close	BB.2S	BB.1S	BB.main	BB.M1S	BB.M2S	BD.anchor	list_index	open	close	BB.2S	BB.1S	BB.main	BB.M1S	BB.M2S	BD.end(curr)	list_index	open	close	BB.2S	BB.1S	BB.main	BB.M1S	BB.M2S	
1	2019.04.10 02:45	0	79.160	79.179	79.232	79.210	79.188	79.166	79.144	2019.04.10 03:00	1	79.180	79.228	79.238	79.214	79.191	79.168	79.145	2019.04.10 03:45	4	79.218	79.150	79.244	79.218	79.192	79.165	79.139
2	2019.04.10 04:00	5	79.149	79.155	79.239	79.214	79.188	79.162	79.136	2019.04.10 04:00	5	79.149	79.155	79.239	79.214	79.188	79.162	79.136	2019.04.10 04:15	6	79.154	79.134	79.233	79.207	79.182	79.157	79.132
3	2019.04.10 05:00	9	79.035	79.085	79.262	79.211	79.161	79.110	79.059	2019.04.10 05:00	9	79.035	79.085	79.262	79.211	79.161	79.110	79.059	2019.04.10 05:15	10	79.086	79.068	79.263	79.209	79.155	79.101	79.047
4	2019.04.10 05:30	11	79.067	79.071	79.264	79.207	79.150	79.093	79.036	2019.04.10 05:45	12	79.071	79.090	79.263	79.205	79.147	79.088	79.030	2019.04.10 06:00	13	79.091	79.057	79.262	79.201	79.141	79.080	79.019
5	2019.04.10 06:30	15	79.038	79.226	79.270	79.203	79.136	79.069	79.002	2019.04.10 14:00	45	79.479	79.525	79.533	79.501	79.469	79.437	79.405	2019.04.10 15:15	50	79.422	79.347	79.549	79.508	79.467	79.427	79.386
6	2019.04.10 15:30	51	79.349	79.377	79.552	79.507	79.462	79.417	79.372	2019.04.10 15:30	51	79.349	79.377	79.552	79.507	79.462	79.417	79.372	2019.04.10 15:45	52	79.378	79.349	79.557	79.506	79.456	79.405	79.354
7	2019.04.10 16:30	55	79.285	79.292	79.587	79.509	79.431	79.352	79.274	2019.04.10 16:45	56	79.292	79.320	79.589	79.507	79.426	79.344	79.262	2019.04.10 17:00	57	79.319	79.297	79.591	79.505	79.418	79.332	79.245
8	2019.04.10 18:00	61	79.243	79.286	79.554	79.463	79.372	79.280	79.189	2019.04.11 04:15	102	79.569	79.591	79.607	79.577	79.548	79.518	79.489	2019.04.11 06:15	110	79.489	79.460	79.606	79.570	79.534	79.498	79.462
9	2019.04.11 06:30	111	79.459	79.490	79.607	79.570	79.533	79.495	79.458	2019.04.11 10:15	126	79.551	79.608	79.609	79.572	79.535	79.498	79.460	2019.04.11 10:30	127	79.604	79.557	79.611	79.574	79.537	79.500	79.463
10	2019.04.11 11:00	129	79.503	79.529	79.610	79.574	79.539	79.503	79.467	2019.04.11 11:00	129	79.503	79.529	79.610	79.574	79.539	79.503	79.467	2019.04.11 11:15	130	79.528	79.508	79.605	79.573	79.541	79.509	79.477
11	2019.04.11 11:30	131	79.509	79.514	79.603	79.572	79.542	79.512	79.482	2019.04.11 12:00	133	79.518	79.546	79.600	79.573	79.545	79.517	79.489	2019.04.11 12:15	134	79.545	79.530	79.600	79.573	79.546	79.519	79.492
12	2019.04.11 13:00	137	79.525	79.542	79.597	79.570	79.544	79.518	79.491	2019.04.11 13:45	140	79.555	79.565	79.596	79.570	79.544	79.518	79.492	2019.04.11 14:00	141	79.564	79.547	79.593	79.568	79.543	79.517	79.492
13	2019.04.11 14:30	143	79.518	79.522	79.587	79.563	79.538	79.514	79.490	2019.04.11 14:45	144	79.522	79.547	79.585	79.561	79.538	79.514	79.490	2019.04.11 15:00	145	79.544	79.504	79.585	79.560	79.535	79.511	79.486
14	2019.04.11 15:30	147	79.479	79.490	79.569	79.547	79.525	79.503	79.481	2019.04.11 15:45	148	79.491	79.496	79.570	79.548	79.525	79.503	79.481	2019.04.11 16:15	150	79.490	79.484	79.572	79.547	79.522	79.497	79.472
15	2019.04.11 16:30	151	79.485	79.529	79.572	79.548	79.523	79.498	79.473	2019.04.11 16:45	152	79.529	79.558	79.577	79.551	79.525	79.499	79.473	2019.04.11 17:15	154	79.550	79.527	79.577	79.551	79.525	79.499	79.473
16	2019.04.11 17:30	155	79.529	79.570	79.583	79.555	79.527	79.500	79.472	2019.04.11 17:45	156	79.572	79.593	79.593	79.562	79.531	79.499	79.468	2019.04.11 18:00	157	79.597	79.557	79.595	79.563	79.531	79.500	79.468
17	2019.04.11 18:45	160	79.439	79.458	79.595	79.556	79.518	79.479	79.441	2019.04.11 18:45	160	79.439	79.458	79.595	79.556	79.518	79.479	79.441	2019.04.11 19:00	161	79.458	79.438	79.595	79.554	79.512	79.471	79.429
18	2019.04.11 19:15	162	79.437	79.439	79.597	79.553	79.508	79.464	79.420	2019.04.11 20:00	165	79.480	79.487	79.591	79.546	79.501	79.457	79.412	2019.04.11 21:00	169	79.477	79.471	79.590	79.544	79.498	79.452	79.406
19	2019.04.11 21:15	170	79.469	79.472	79.590	79.544	79.498	79.451	79.405	2019.04.11 21:30	171	79.474	79.493	79.587	79.541	79.496	79.450	79.404	2019.04.11 21:45	172	79.492	79.484	79.579	79.536	79.492	79.449	79.405
20	2019.04.11 22:00	173	79.483	79.515	79.574	79.532	79.490	79.449	79.407	2019.04.11 23:00	177	79.522	79.532	79.535	79.508	79.482	79.455	79.428	2019.04.11 23:15	178	79.532	79.513	79.537	79.509	79.482	79.455	79.428
21	2019.04.11 23:30	179	79.512	79.535	79.542	79.515	79.487	79.460	79.432	2019.04.12 00:00	181	79.510	79.546	79.553	79.524	79.496	79.468	79.440	2019.04.12 00:30	183	79.546	79.523	79.556	79.530	79.505	79.479	79.453
22	2019.04.12 00:45	184	79.514	79.522	79.557	79.532	79.507	79.481	79.456	2019.04.12 00:45	184	79.514	79.522	79.557	79.532	79.507	79.481	79.456	2019.04.12 01:00	185	79.530	79.517	79.558	79.533	79.508	79.483	79.458
23	2019.04.12 01:15	186	79.516	79.534	79.559	79.535	79.511	79.487	79.463	2019.04.12 01:15	186	79.516	79.534	79.559	79.535	79.511	79.487	79.463	2019.04.12 01:30	187	79.533	79.519	79.558	79.536	79.514	79.491	79.469
24	2019.04.12 02:00	189	79.513	79.516	79.554	79.536	79.518	79.499	79.481	2019.04.12 02:00	189	79.513	79.516	79.554	79.536	79.518	79.499	79.481	2019.04.12 02:30	191	79.516	79.514	79.548	79.535	79.521	79.507	79.493
25	2019.04.12 02:45	192	79.514	79.522	79.544	79.534	79.523	79.512	79.501	2019.04.12 02:45	192	79.514	79.522	79.544	79.534	79.523	79.512	79.501	2019.04.12 03:00	193	79.522	79.462	79.554	79.537	79.520	79.503	79.486
26	2019.04.12 03:15	194	79.464	79.505	79.554	79.537	79.520	79.503	79.485	2019.04.12 04:00	197	79.675	79.688	79.646	79.593	79.540	79.487	79.434	2019.04.12 04:30	199	79.681	79.556	79.671	79.610	79.549	79.489	79.428
27	2019.04.12 05:00	201	79.543	79.638	79.682	79.618	79.555	79.491	79.427	2019.04.12 08:30	215	79.743	79.761	79.784	79.727	79.671	79.614	79.557	2019.04.12 09:00	217	79.720	79.684	79.789	79.731	79.673	79.615	79.557
28	2019.04.12 09:30	219	79.693	79.708	79.784	79.732	79.680	79.628	79.577	2019.04.12 09:30	219	79.693	79.708	79.784	79.732	79.680	79.628	79.577	2019.04.12 09:45	220	79.706	79.693	79.771	79.729	79.688	79.646	79.605
29	2019.04.12 10:00	221	79.692	79.704	79.771	79.731	79.691	79.651	79.611	2019.04.12 10:30	223	79.712	79.757	79.772	79.737	79.702	79.667	79.632	2019.04.12 10:45	224	79.758	79.701	79.764	79.735	79.707	79.678	79.650
30	2019.04.12 11:00	225	79.700	79.904	79.818	79.769	79.719	79.670	79.620	2019.04.12 16:00	245	80.424	80.458	80.505	80.365	80.226	80.086	79.946	2019.04.15 04:00	293	80.262	80.214	80.414	80.375	80.336	80.297	80.258
31	2019.04.15 04:15	294	80.215	80.288	80.415	80.375	80.335	80.295	80.255	2019.04.15 05:45	300	80.387	80.409	80.432	80.387	80.342	80.297	80.252	2019.04.15 06:15	302	80.357	80.298	80.428	80.383	80.338	80.293	80.248
32	2019.04.15 06:45	304	80.285	80.300	80.427	80.380	80.333	80.286	80.239	2019.04.15 07:00	305	80.303	80.317	80.425	80.378	80.331	80.284	80.238	2019.04.15 07:30	307	80.315	80.271	80.415	80.369	80.323	80.277	80.231
33	2019.04.15 08:00	309	80.252	80.294	80.409	80.362	80.315	80.268	80.221	2019.04.15 08:00	309	80.252	80.294	80.409	80.362	80.315	80.268	80.221	2019.04.15 08:15	310	80.295	80.264	80.404	80.357	80.310	80.263	80.216
34	2019.04.15 09:00	313	80.206	80.232	80.407	80.356	80.305	80.254	80.203	2019.04.15 09:15	314	80.230	80.274	80.407	80.355	80.304	80.253	80.202	2019.04.15 09:30	315	80.274	80.212	80.407	80.353	80.298	80.244	80.189
35	2019.04.15 09:45	316	80.208	80.209	80.409	80.351	80.293	80.236	80.178	2019.04.15 10:15	318	80.230	80.315	80.394	80.339	80.284	80.230	80.175	2019.04.15 10:30	319	80.317	80.276	80.378	80.329	80.279	80.229	80.180
36	2019.04.15 11:30	323	80.239	80.293	80.333	80.298	80.263	80.229	80.194	2019.04.15 11:30	323	80.239	80.293	80.333	80.298	80.263	80.229	80.194	2019.04.15 11:45	324	80.293	80.258	80.329	80.295	80.261	80.227	80.194
37	2019.04.15 12:00	325	80.259	80.285	80.323	80.291	80.260	80.228	80.196	2019.04.15 12:45	328	80.323	80.342	80.339	80.302	80.265	80.228	80.191	2019.04.15 13:15	330	80.328	80.293	80.347	80.307	80.268	80.229	80.189
38	2019.04.15 13:30	331	80.294	80.304	80.350	80.310	80.270	80.230	80.190	2019.04.15 13:30	331	80.294	80.304	80.350	80.310	80.270	80.230	80.190	2019.04.15 13:45	332	80.303	80.293	80.349	80.312	80.275	80.237	80.200
39	2019.04.15 14:15	334	80.290	80.348	80.360	80.320	80.281	80.242	80.202	2019.04.15 14:15	334	80.290	80.348	80.360	80.320	80.281	80.242	80.202	2019.04.15 14:30	335	80.348	80.326	80.361	80.324	80.287	80.250	80.212
40	2019.04.15 15:00	337	80.326	80.357	80.365	80.332	80.299	80.266	80.233	2019.04.15 15:45	340	80.404	80.423	80.410	80.363	80.316	80.268	80.221	2019.04.15 16:30	343	80.403	80.371	80.432	80.384	80.336	80.289	80.241
41	2019.04.15 17:00	345	80.343	80.379	80.431	80.388	80.345	80.303	80.260	2019.04.15 17:00	345	80.343	80.379	80.431	80.388	80.345	80.303	80.260	2019.04.15 17:15	346	80.380	80.350	80.429	80.389	80.349	80.309	80.269
42	2019.04.15 17:45	348	80.283	80.385	80.435	80.392	80.349	80.306	80.263	2019.04.15 17:45	348	80.283	80.385	80.435	80.392	80.349	80.306	80.263	2019.04.15 18:00	349	80.383	80.332	80.435	80.392	80.349	80.306	80.263
43	2019.04.15 18:15	350	80.330	80.348	80.434	80.393	80.352	80.311	80.270	2019.04.15 18:45	352	80.384	80.396	80.437	80.399	80.361	80.323	80.285	2019.04.15 19:00	353	80.396	80.367	80.434	80.399	80.365	80.331	80.296
44	2019.04.15 19:15	354	80.367	80.375	80.435	80.401	80.366	80.332	80.298	2019.04.15 19:30	355	80.376	80.389	80.436	80.403	80.370	80.336	80.303	2019.04.15 19:45	356	80.390	80.379	80.435	80.404	80.372	80.341	80.309
45	2019.04.15 20:00	357	80.379	80.397	80.438	80.406	80.374	80.342	80.311	2019.04.15 20:00	357	80.379	80.397	80.438	80.406	80.374	80.342	80.311	2019.04.15 20:15	358	80.398	80.387	80.439	80.407	80.376	80.344	80.312
46	2019.04.15 20:30	359	80.386	80.389	80.437	80.406	80.375	80.343	80.312	2019.04.15 20:30	359	80.386	80.389	80.437	80.406	80.375	80.343	80.312	2019.04.15 20:45	360	80.384	80.367	80.431	80.401	80.372	80.343	80.313
47	2019.04.15 21:00	361	80.366	80.369	80.424	80.397	80.370	80.342	80.315	2019.04.15 21:15	362	80.370	80.382	80.421	80.395	80.369	80.342	80.316	2019.04.15 21:30	363	80.382	80.373	80.422	80.395	80.369	80.342	80.316
48	2019.04.15 23:00	369	80.311	80.337	80.417	80.390	80.363	80.337	80.310	2019.04.15 23:45	372	80.343	80.355	80.410	80.385	80.359	80.333	80.308	2019.04.16 00:15	374	80.345	80.323	80.408	80.382	80.355	80.329	80.302
49	2019.04.16 01:15	378	80.268	80.299	80.401	80.368	80.334	80.301	80.267	2019.04.16 01:15	378	80.268	80.299	80.401	80.368	80.334	80.301	80.267	2019.04.16 01:30	379	80.300	80.280	80.394	80.362	80.329	80.296	80.263
50	2019.04.16 01:45	380	80.280	80.298	80.390	80.358	80.325	80.293	80.261	2019.04.16 03:00	385	80.301	80.366	80.367	80.341	80.315	80.288	80.262	2019.04.16 03:15	386	80.365	80.319	80.367	80.341	80.314	80.288	80.262
51	2019.04.16 05:15	394	79.907	79.984	80.489	80.361	80.234	80.106	79.978	2019.04.16 05:30	395	79.984	80.030	80.490	80.355	80.221	80.086	79.952	2019.04.16 06:00	397	80.028	79.993	80.488	80.341	80.195	80.048	79.901
52	2019.04.16 06:15	398	79.993	80.015	80.480	80.330	80.180	80.031	79.881	2019.04.16 06:15	398	79.993	80.015	80.480	80.330	80.180	80.031	79.881	2019.04.16 06:30	399	80.015	80.003	80.472	80.319	80.167	80.014	79.861
53	2019.04.16 06:45	400	79.996	80.017	80.458	80.305	80.152	80.000	79.847	2019.04.16 06:45	400	79.996	80.017	80.458	80.305	80.152	80.000	79.847	2019.04.16 07:00	401	80.018	80.001	80.441	80.289	80.137	79.985	79.833
54	2019.04.16 07:15	402	80.000	80.028	80.420	80.272	80.123	79.975	79.826	2019.04.16 07:30	403	80.028	80.042	80.397	80.254	80.110	79.967	79.823	2019.04.16 08:00	405	80.033	79.998	80.326	80.202	80.078	79.954	79.830
55	2019.04.16 08:15	406	79.997	80.059	80.287	80.176	80.065	79.954	79.843	2019.04.16 08:15	406	79.997	80.059	80.287	80.176	80.065	79.954	79.843	2019.04.16 08:45	408	80.045	79.989	80.192	80.115	80.037	79.959	79.881
56	2019.04.16 09:00	409	79.988	80.019	80.139	80.082	80.024	79.967	79.909	2019.04.16 09:00	409	79.988	80.019	80.139	80.082	80.024	79.967	79.909	2019.04.16 09:15	410	80.018	79.993	80.081	80.047	80.013	79.979	79.944
57	2019.04.16 09:30	411	79.995	80.009	80.072	80.041	80.009	79.978	79.947	2019.04.16 09:30	411	79.995	80.009	80.072	80.041	80.009	79.978	79.947	2019.04.16 09:45	412	80.009	79.965	80.073	80.041	80.008	79.975	79.943
58	2019.04.16 10:15	414	79.950	79.975	80.064	80.037	80.010	79.983	79.956	2019.04.16 11:00	417	79.979	80.007	80.060	80.033	80.006	79.979	79.952	2019.04.16 11:15	418	80.009	79.967	80.060	80.032	80.004	79.975	79.947
59	2019.04.16 11:30	419	79.962	79.999	80.060	80.032	80.003	79.975	79.947	2019.04.16 11:45	420	80.000	80.028	80.061	80.033	80.004	79.975	79.947	2019.04.16 12:00	421	80.028	79.941	80.064	80.033	80.001	79.969	79.937
60	2019.04.16 12:15	422	79.936	79.953	80.063	80.030	79.997	79.964	79.932	2019.04.16 12:15	422	79.936	79.953	80.063	80.030	79.997	79.964	79.932	2019.04.16 12:30	423	79.956	79.928	80.060	80.026	79.991	79.957	79.923
61	2019.04.16 12:45	424	79.927	79.932	80.057	80.021	79.986	79.951	79.916	2019.04.16 13:00	425	79.931	79.963	80.055	80.020	79.985	79.949	79.914	2019.04.16 13:15	426	79.962	79.913	80.046	80.012	79.977	79.943	79.909
62	2019.04.16 13:45	428	79.903	79.938	80.036	80.002	79.968	79.933	79.899	2019.04.16 23:45	468	80.366	80.372	80.367	80.347	80.328	80.308	80.288	2019.04.17 01:45	476	80.333	80.182	80.404	80.367	80.330	80.293	80.256
63	2019.04.17 02:00	477	80.184	80.237	80.410	80.368	80.325	80.283	80.241	2019.04.17 02:15	478	80.236	80.240	80.412	80.366	80.321	80.275	80.229	2019.04.17 02:30	479	80.239	80.222	80.415	80.365	80.315	80.264	80.214
64	2019.04.17 03:00	481	80.213	80.335	80.418	80.363	80.309	80.254	80.199	2019.04.17 03:00	481	80.213	80.335	80.418	80.363	80.309	80.254	80.199	2019.04.17 03:45	484	80.312	80.288	80.414	80.360	80.305	80.251	80.197
65	2019.04.17 04:30	487	80.108	80.182	80.420	80.349	80.278	80.208	80.137	2019.04.17 05:00	489	80.399	80.570	80.478	80.384	80.290	80.196	80.101	2019.04.17 06:15	494	80.472	80.419	80.597	80.463	80.329	80.195	80.062
66	2019.04.17 06:30	495	80.420	80.431	80.606	80.470	80.334	80.199	80.063	2019.04.17 07:15	498	80.488	80.516	80.644	80.509	80.374	80.239	80.104	2019.04.17 07:30	499	80.514	80.486	80.652	80.520	80.387	80.255	80.122
67	2019.04.17 08:00	501	80.479	80.525	80.669	80.539	80.410	80.281	80.151	2019.04.17 08:45	504	80.589	80.615	80.723	80.588	80.453	80.319	80.184	2019.04.17 09:15	506	80.606	80.553	80.688	80.591	80.495	80.398	80.302
68	2019.04.17 10:00	509	80.509	80.555	80.626	80.573	80.519	80.466	80.412	2019.04.17 11:15	514	80.656	80.680	80.682	80.617	80.552	80.487	80.422	2019.04.17 11:30	515	80.677	80.596	80.679	80.620	80.560	80.501	80.441
69	2019.04.17 11:45	516	80.593	80.619	80.679	80.624	80.569	80.513	80.458	2019.04.17 12:00	517	80.620	80.621	80.681	80.628	80.575	80.522	80.469	2019.04.17 12:15	518	80.621	80.603	80.683	80.631	80.580	80.528	80.477
70	2019.04.17 12:45	520	80.595	80.614	80.673	80.632	80.592	80.551	80.511	2019.04.17 12:45	520	80.595	80.614	80.673	80.632	80.592	80.551	80.511	2019.04.17 13:00	521	80.615	80.604	80.671	80.633	80.596	80.558	80.521
71	2019.04.17 13:15	522	80.605	80.608	80.672	80.635	80.597	80.560	80.523	2019.04.17 13:15	522	80.605	80.608	80.672	80.635	80.597	80.560	80.523	2019.04.17 13:30	523	80.607	80.580	80.672	80.634	80.597	80.560	80.522
72	2019.04.17 13:45	524	80.581	80.586	80.670	80.633	80.596	80.558	80.521	2019.04.17 14:00	525	80.584	80.592	80.669	80.632	80.595	80.558	80.521	2019.04.17 14:15	526	80.591	80.548	80.670	80.632	80.595	80.557	80.520
73	2019.04.17 15:00	529	80.509	80.516	80.674	80.633	80.593	80.553	80.513	2019.04.17 16:15	534	80.551	80.601	80.646	80.611	80.576	80.541	80.506	2019.04.17 16:30	535	80.600	80.480	80.651	80.610	80.570	80.530	80.490
74	2019.04.17 17:15	538	80.260	80.309	80.715	80.621	80.528	80.434	80.340	2019.04.17 17:45	540	80.342	80.384	80.707	80.605	80.504	80.402	80.300	2019.04.17 18:00	541	80.384	80.346	80.700	80.595	80.491	80.386	80.281
75	2019.04.17 19:15	546	80.210	80.220	80.667	80.536	80.405	80.274	80.143	2019.04.17 19:30	547	80.219	80.236	80.654	80.522	80.390	80.258	80.126	2019.04.17 19:45	548	80.234	80.224	80.644	80.510	80.376	80.242	80.108
76	2019.04.17 20:00	549	80.223	80.253	80.627	80.495	80.363	80.230	80.098	2019.04.17 20:30	551	80.287	80.339	80.578	80.459	80.340	80.221	80.102	2019.04.17 21:00	553	80.306	80.279	80.504	80.409	80.314	80.218	80.123
77	2019.04.17 21:15	554	80.281	80.283	80.436	80.367	80.298	80.229	80.160	2019.04.17 23:45	564	80.402	80.424	80.437	80.375	80.313	80.251	80.189	2019.04.18 00:15	566	80.391	80.373	80.440	80.385	80.330	80.274	80.219
78	2019.04.18 00:45	568	80.361	80.392	80.436	80.390	80.345	80.299	80.253	2019.04.18 01:00	569	80.392	80.410	80.438	80.395	80.352	80.310	80.267	2019.04.18 01:15	570	80.410	80.393	80.440	80.399	80.358	80.317	80.276
79	2019.04.18 02:00	573	80.366	80.387	80.436	80.401	80.367	80.333	80.299	2019.04.18 02:15	574	80.387	80.388	80.429	80.401	80.373	80.344	80.316	2019.04.18 02:45	576	80.382	80.344	80.419	80.398	80.378	80.357	80.337
80	2019.04.18 03:30	579	80.278	80.294	80.441	80.405	80.369	80.333	80.297	2019.04.18 03:30	579	80.278	80.294	80.441	80.405	80.369	80.333	80.297	2019.04.18 03:45	580	80.294	80.259	80.451	80.408	80.364	80.321	80.278
81	2019.04.18 04:30	583	80.195	80.351	80.466	80.406	80.346	80.286	80.225	2019.04.18 04:30	583	80.195	80.351	80.466	80.406	80.346	80.286	80.225	2019.04.18 04:45	584	80.349	80.253	80.458	80.398	80.337	80.277	80.216
82	2019.04.18 05:00	585	80.253	80.290	80.452	80.392	80.332	80.272	80.212	2019.04.18 06:00	589	80.371	80.399	80.445	80.387	80.329	80.271	80.214	2019.04.18 06:15	590	80.400	80.327	80.438	80.382	80.326	80.270	80.214
83	2019.04.18 07:00	593	80.271	80.323	80.421	80.368	80.315	80.261	80.208	2019.04.18 07:15	594	80.323	80.333	80.414	80.363	80.312	80.261	80.210	2019.04.18 07:45	596	80.328	80.302	80.403	80.355	80.307	80.259	80.211
84	2019.04.18 08:00	597	80.301	80.336	80.404	80.356	80.308	80.260	80.211	2019.04.18 09:30	603	80.399	80.404	80.419	80.378	80.337	80.297	80.256	2019.04.18 10:00	605	80.395	80.356	80.419	80.383	80.348	80.312	80.277
85	2019.04.18 10:15	606	80.360	80.368	80.420	80.384	80.349	80.313	80.277	2019.04.18 10:15	606	80.360	80.368	80.420	80.384	80.349	80.313	80.277	2019.04.18 10:30	607	80.369	80.265	80.424	80.384	80.344	80.304	80.264
86	2019.04.18 11:15	610	80.095	80.097	80.480	80.394	80.309	80.223	80.137	2019.04.18 11:45	612	80.134	80.139	80.495	80.394	80.294	80.193	80.093	2019.04.18 12:00	613	80.140	80.090	80.501	80.392	80.282	80.173	80.063
87	2019.04.18 12:30	615	80.059	80.084	80.505	80.381	80.256	80.132	80.007	2019.04.18 13:45	620	80.114	80.122	80.456	80.327	80.198	80.069	79.941	2019.04.18 14:30	623	80.120	80.092	80.359	80.257	80.156	80.054	79.952
88	2019.04.18 14:45	624	80.093	80.095	80.312	80.226	80.140	80.055	79.969	2019.04.18 14:45	624	80.093	80.095	80.312	80.226	80.140	80.055	79.969	2019.04.18 15:00	625	80.095	80.060	80.269	80.197	80.126	80.054	79.982
89	2019.04.18 15:30	627	80.044	80.101	80.164	80.133	80.101	80.070	80.038	2019.04.18 16:15	630	80.118	80.125	80.148	80.123	80.099	80.074	80.050	2019.04.18 16:45	632	80.116	80.081	80.140	80.117	80.095	80.073	80.051
90	2019.04.18 17:45	636	79.976	79.992	80.169	80.125	80.081	80.037	79.992	2019.04.18 18:45	640	80.011	80.012	80.160	80.110	80.061	80.011	79.962	2019.04.18 19:00	641	80.011	79.959	80.158	80.106	80.053	80.000	79.948
91	2019.04.18 19:15	642	79.958	79.964	80.153	80.099	80.045	79.991	79.938	2019.04.18 19:15	642	79.958	79.964	80.153	80.099	80.045	79.991	79.938	2019.04.18 19:30	643	79.964	79.954	80.151	80.095	80.038	79.982	79.926
92	2019.04.18 20:00	645	79.918	79.930	80.150	80.087	80.023	79.959	79.896	2019.04.18 20:15	646	79.930	79.956	80.149	80.084	80.019	79.953	79.888	2019.04.18 20:30	647	79.958	79.936	80.140	80.075	80.010	79.946	79.881
93	2019.04.18 20:45	648	79.937	79.953	80.129	80.066	80.003	79.941	79.878	2019.04.18 22:15	654	79.998	80.004	80.029	80.001	79.973	79.945	79.917	2019.04.18 22:45	656	79.986	79.975	80.028	80.000	79.973	79.945	79.917
94	2019.04.18 23:00	657	79.976	80.037	80.035	80.004	79.974	79.944	79.913	2019.04.19 01:45	668	80.060	80.069	80.085	80.051	80.018	79.985	79.951	2019.04.19 02:45	672	80.059	80.024	80.083	80.058	80.033	80.008	79.984
95	2019.04.19 03:00	673	80.018	80.033	80.082	80.059	80.035	80.011	79.988	2019.04.19 03:00	673	80.018	80.033	80.082	80.059	80.035	80.011	79.988	2019.04.19 03:15	674	80.032	80.021	80.081	80.059	80.036	80.013	79.990
96	2019.04.19 04:15	678	79.988	79.994	80.077	80.056	80.035	80.014	79.993	2019.04.19 04:45	680	80.005	80.021	80.077	80.055	80.033	80.011	79.989	2019.04.19 05:15	682	80.017	80.004	80.077	80.054	80.031	80.008	79.984
97	2019.04.19 06:00	685	79.999	80.001	80.073	80.049	80.024	80.000	79.975	2019.04.19 06:45	688	80.013	80.014	80.056	80.037	80.017	79.997	79.978	2019.04.19 07:00	689	80.014	80.007	80.052	80.034	80.015	79.996	79.978
98	2019.04.19 07:30	691	79.999	80.007	80.031	80.020	80.009	79.998	79.987	2019.04.19 07:30	691	79.999	80.007	80.031	80.020	80.009	79.998	79.987	2019.04.19 07:45	692	80.009	80.000	80.029	80.019	80.008	79.997	79.987
99	2019.04.19 08:00	693	79.999	80.007	80.025	80.016	80.007	79.998	79.989	2019.04.19 09:15	698	80.049	80.067	80.053	80.034	80.015	79.997	79.978	2019.04.19 09:30	699	80.066	80.026	80.054	80.035	80.016	79.998	79.979
100	2019.04.19 09:45	700	80.026	80.030	80.055	80.036	80.017	79.998	79.979	2019.04.19 10:30	703	80.059	80.080	80.076	80.051	80.026	80.001	79.976	2019.04.19 11:00	705	80.072	80.062	80.085	80.059	80.033	80.006	79.980
101	2019.04.19 11:30	707	80.060	80.063	80.090	80.064	80.038	80.012	79.985	2019.04.19 11:30	707	80.060	80.063	80.090	80.064	80.038	80.012	79.985	2019.04.19 11:45	708	80.063	80.060	80.092	80.066	80.040	80.014	79.988
102	2019.04.19 12:00	709	80.060	80.062	80.094	80.068	80.043	80.018	79.992	2019.04.19 12:00	709	80.060	80.062	80.094	80.068	80.043	80.018	79.992	2019.04.19 12:15	710	80.063	80.030	80.091	80.068	80.045	80.021	79.998
103	2019.04.19 12:45	712	80.023	80.029	80.087	80.067	80.047	80.027	80.006	2019.04.19 13:00	713	80.028	80.031	80.085	80.066	80.048	80.030	80.011	2019.04.19 13:15	714	80.031	80.026	80.084	80.066	80.049	80.031	80.013
104	2019.04.19 13:30	715	80.024	80.035	80.084	80.066	80.049	80.031	80.013	2019.04.19 13:45	716	80.036	80.055	80.084	80.067	80.049	80.031	80.014	2019.04.19 14:00	717	80.055	80.023	80.085	80.066	80.048	80.029	80.011
105	2019.04.19 14:15	718	80.023	80.038	80.082	80.064	80.046	80.028	80.010	2019.04.19 14:45	720	80.052	80.055	80.083	80.066	80.049	80.032	80.015	2019.04.19 15:00	721	80.054	80.044	80.082	80.065	80.048	80.031	80.014
106	2019.04.19 16:00	725	80.011	80.013	80.072	80.055	80.039	80.022	80.005	2019.04.19 16:15	726	80.014	80.030	80.069	80.053	80.037	80.021	80.005	2019.04.19 17:15	730	80.026	80.015	80.057	80.044	80.031	80.018	80.005
107	2019.04.19 17:30	731	80.014	80.016	80.058	80.044	80.031	80.017	80.004	2019.04.19 17:30	731	80.014	80.016	80.058	80.044	80.031	80.017	80.004	2019.04.19 17:45	732	80.017	80.013	80.058	80.044	80.030	80.016	80.002
108	2019.04.19 18:15	734	80.007	80.009	80.059	80.043	80.028	80.013	79.997	2019.04.19 18:15	734	80.007	80.009	80.059	80.043	80.028	80.013	79.997	2019.04.19 18:30	735	80.007	79.988	80.061	80.043	80.026	80.008	79.991
109	2019.04.19 19:00	737	79.964	79.999	80.062	80.041	80.020	79.999	79.978	2019.04.19 19:00	737	79.964	79.999	80.062	80.041	80.020	79.999	79.978	2019.04.19 19:30	739	79.990	79.986	80.056	80.035	80.014	79.993	79.973
110	2019.04.19 20:00	741	79.970	79.986	80.047	80.027	80.007	79.988	79.968	2019.04.19 20:30	743	79.986	80.000	80.040	80.022	80.004	79.985	79.967	2019.04.19 21:30	747	79.994	79.987	80.030	80.014	79.998	79.982	79.966
111	2019.04.19 21:45	748	79.985	80.015	80.028	80.013	79.998	79.983	79.967	2019.04.19 21:45	748	79.985	80.015	80.028	80.013	79.998	79.983	79.967	2019.04.19 22:15	750	80.008	80.005	80.023	80.010	79.996	79.983	79.969
112	2019.04.19 22:30	751	80.003	80.007	80.021	80.009	79.996	79.983	79.970	2019.04.19 22:30	751	80.003	80.007	80.021	80.009	79.996	79.983	79.970	2019.04.19 22:45	752	80.009	79.999	80.020	80.007	79.995	79.983	79.971
113	2019.04.19 23:00	753	80.000	80.025	80.023	80.009	79.996	79.982	79.969	2019.04.19 23:15	754	80.025	80.030	80.027	80.012	79.997	79.982	79.966	2019.04.19 23:30	755	80.027	80.015	80.030	80.014	79.998	79.983	79.967
114	2019.04.19 23:45	756	80.015	80.031	80.033	80.017	80.001	79.986	79.970	2019.04.19 23:45	756	80.015	80.031	80.033	80.017	80.001	79.986	79.970	2019.04.22 00:00	757	79.939	79.973	80.034	80.017	80.000	79.983	79.967
115	2019.04.22 00:15	758	79.972	79.978	80.034	80.017	80.000	79.982	79.965	2019.04.22 00:30	759	79.980	79.981	80.034	80.017	79.999	79.982	79.964	2019.04.22 00:45	760	79.982	79.976	80.034	80.017	80.000	79.982	79.965
116	2019.04.22 01:00	761	79.977	80.013	80.035	80.018	80.001	79.984	79.967	2019.04.22 01:30	763	80.031	80.039	80.044	80.025	80.005	79.986	79.966	2019.04.22 01:45	764	80.038	80.013	80.045	80.026	80.006	79.987	79.967
117	2019.04.22 02:00	765	80.010	80.015	80.046	80.026	80.007	79.987	79.968	2019.04.22 02:00	765	80.010	80.015	80.046	80.026	80.007	79.987	79.968	2019.04.22 02:15	766	80.012	80.010	80.046	80.027	80.008	79.988	79.969
118	2019.04.22 03:15	770	79.975	79.991	80.046	80.025	80.004	79.984	79.963	2019.04.22 03:30	771	79.991	80.066	80.057	80.032	80.007	79.982	79.958	2019.04.22 03:45	772	80.061	80.036	80.060	80.034	80.009	79.984	79.958
119	2019.04.22 04:30	775	79.908	79.971	80.066	80.033	80.000	79.966	79.933	2019.04.22 04:30	775	79.908	79.971	80.066	80.033	80.000	79.966	79.933	2019.04.22 04:45	776	79.970	79.943	80.064	80.030	79.995	79.961	79.926
120	2019.04.22 05:30	779	79.932	79.954	80.069	80.029	79.990	79.950	79.910	2019.04.22 05:30	779	79.932	79.954	80.069	80.029	79.990	79.950	79.910	2019.04.22 06:00	781	79.947	79.943	80.067	80.026	79.985	79.943	79.902
121	2019.04.22 07:00	785	79.849	79.891	80.060	80.009	79.957	79.906	79.855	2019.04.22 07:00	785	79.849	79.891	80.060	80.009	79.957	79.906	79.855	2019.04.22 08:00	789	79.881	79.872	80.046	79.990	79.935	79.880	79.824
122	2019.04.22 08:15	790	79.870	79.899	80.039	79.985	79.930	79.876	79.822	2019.04.22 09:00	793	79.906	79.938	79.976	79.945	79.914	79.882	79.851	2019.04.22 09:30	795	79.919	79.874	79.969	79.939	79.909	79.880	79.850
123	2019.04.22 09:45	796	79.877	79.895	79.965	79.936	79.907	79.878	79.849	2019.04.22 09:45	796	79.877	79.895	79.965	79.936	79.907	79.878	79.849	2019.04.22 10:00	797	79.898	79.874	79.961	79.933	79.904	79.875	79.846
124	2019.04.22 10:15	798	79.875	79.882	79.958	79.930	79.901	79.873	79.844	2019.04.22 10:30	799	79.878	79.886	79.950	79.924	79.898	79.872	79.846	2019.04.22 10:45	800	79.885	79.881	79.941	79.918	79.895	79.871	79.848
125	2019.04.22 11:30	803	79.871	79.876	79.928	79.908	79.888	79.868	79.848	2019.04.22 11:30	803	79.871	79.876	79.928	79.908	79.888	79.868	79.848	2019.04.22 12:00	805	79.876	79.874	79.926	79.907	79.889	79.870	79.851
126	2019.04.22 12:30	807	79.859	79.860	79.927	79.907	79.886	79.866	79.845	2019.04.22 13:15	810	79.889	79.893	79.927	79.907	79.886	79.865	79.845	2019.04.22 13:45	812	79.886	79.855	79.920	79.901	79.882	79.862	79.843
127	2019.04.22 14:15	814	79.837	79.856	79.901	79.887	79.873	79.859	79.845	2019.04.22 14:30	815	79.856	79.885	79.902	79.888	79.874	79.860	79.845	2019.04.22 14:45	816	79.884	79.870	79.900	79.886	79.873	79.859	79.846
128	2019.04.22 15:30	819	79.823	79.824	79.904	79.885	79.866	79.846	79.827	2019.04.22 15:30	819	79.823	79.824	79.904	79.885	79.866	79.846	79.827	2019.04.22 15:45	820	79.827	79.777	79.914	79.887	79.860	79.834	79.807
129	2019.04.22 16:00	821	79.774	79.844	79.913	79.886	79.859	79.832	79.805	2019.04.22 16:30	823	79.829	79.865	79.911	79.883	79.856	79.829	79.801	2019.04.22 17:30	827	79.847	79.814	79.906	79.878	79.850	79.822	79.795
130	2019.04.22 17:45	828	79.813	79.837	79.905	79.877	79.849	79.821	79.793	2019.04.22 17:45	828	79.813	79.837	79.905	79.877	79.849	79.821	79.793	2019.04.22 18:00	829	79.836	79.811	79.900	79.873	79.845	79.818	79.790
131	2019.04.22 18:15	830	79.810	79.834	79.893	79.867	79.842	79.817	79.792	2019.04.22 18:45	832	79.833	79.858	79.886	79.863	79.839	79.816	79.793	2019.04.22 19:00	833	79.856	79.830	79.886	79.862	79.839	79.816	79.792
132	2019.04.22 19:15	834	79.831	79.861	79.886	79.863	79.839	79.816	79.792	2019.04.22 19:30	835	79.859	79.881	79.885	79.862	79.839	79.816	79.793	2019.04.22 19:45	836	79.880	79.861	79.884	79.861	79.839	79.816	79.793
133	2019.04.22 20:00	837	79.860	79.869	79.886	79.863	79.840	79.816	79.793	2019.04.22 20:30	839	79.871	79.881	79.895	79.870	79.845	79.819	79.794	2019.04.22 20:45	840	79.880	79.872	79.891	79.870	79.850	79.829	79.808
134	2019.04.22 22:00	845	79.819	79.842	79.897	79.874	79.852	79.829	79.807	2019.04.22 22:30	847	79.852	79.853	79.895	79.874	79.854	79.833	79.812	2019.04.22 22:45	848	79.852	79.842	79.895	79.875	79.854	79.833	79.813
135	2019.04.22 23:00	849	79.844	79.848	79.892	79.874	79.856	79.838	79.819	2019.04.22 23:30	851	79.859	79.884	79.894	79.877	79.860	79.842	79.825	2019.04.23 00:00	853	79.810	79.835	79.895	79.878	79.861	79.843	79.826
136	2019.04.23 00:15	854	79.835	79.845	79.895	79.877	79.860	79.842	79.825	2019.04.23 00:30	855	79.843	79.892	79.897	79.879	79.860	79.842	79.824	2019.04.23 00:45	856	79.887	79.871	79.898	79.879	79.861	79.842	79.824
137	2019.04.23 01:00	857	79.876	79.879	79.899	79.880	79.861	79.843	79.824	2019.04.23 01:30	859	79.879	79.899	79.903	79.883	79.863	79.842	79.822	2019.04.23 02:00	861	79.897	79.891	79.909	79.887	79.865	79.842	79.820
138	2019.04.23 04:00	869	79.597	79.603	80.008	79.917	79.825	79.734	79.643	2019.04.23 04:00	869	79.597	79.603	80.008	79.917	79.825	79.734	79.643	2019.04.23 04:15	870	79.602	79.588	80.021	79.916	79.812	79.707	79.603
139	2019.04.23 04:30	871	79.590	79.684	80.015	79.908	79.802	79.695	79.589	2019.04.23 04:30	871	79.590	79.684	80.015	79.908	79.802	79.695	79.589	2019.04.23 06:00	877	79.671	79.650	79.961	79.852	79.743	79.634	79.526
140	2019.04.23 06:15	878	79.652	79.675	79.943	79.838	79.733	79.628	79.523	2019.04.23 06:45	880	79.697	79.710	79.893	79.803	79.714	79.624	79.535	2019.04.23 07:00	881	79.710	79.676	79.863	79.783	79.703	79.623	79.543
141	2019.04.23 07:15	882	79.671	79.690	79.834	79.764	79.694	79.624	79.554	2019.04.23 07:45	884	79.687	79.693	79.768	79.723	79.677	79.632	79.587	2019.04.23 08:00	885	79.693	79.673	79.743	79.707	79.671	79.635	79.599
142	2019.04.23 08:15	886	79.672	79.695	79.736	79.703	79.669	79.636	79.602	2019.04.23 08:15	886	79.672	79.695	79.736	79.703	79.669	79.636	79.602	2019.04.23 09:00	889	79.692	79.665	79.725	79.701	79.677	79.653	79.628
143	2019.04.23 10:45	896	79.539	79.542	79.756	79.703	79.650	79.597	79.544	2019.04.23 11:00	897	79.543	79.579	79.757	79.702	79.647	79.592	79.536	2019.04.23 11:15	898	79.578	79.552	79.757	79.699	79.641	79.582	79.524
144	2019.04.23 11:30	899	79.552	79.576	79.751	79.693	79.634	79.576	79.517	2019.04.23 11:45	900	79.575	79.583	79.742	79.685	79.628	79.571	79.514	2019.04.23 12:00	901	79.587	79.567	79.737	79.680	79.623	79.565	79.508
145	2019.04.23 12:45	904	79.564	79.572	79.708	79.656	79.604	79.552	79.500	2019.04.23 12:45	904	79.564	79.572	79.708	79.656	79.604	79.552	79.500	2019.04.23 13:00	905	79.570	79.557	79.699	79.649	79.598	79.548	79.497
146	2019.04.23 13:45	908	79.532	79.538	79.646	79.611	79.575	79.540	79.504	2019.04.23 14:30	911	79.540	79.577	79.599	79.580	79.561	79.542	79.523	2019.04.23 15:00	913	79.575	79.558	79.591	79.575	79.559	79.542	79.526
147	2019.04.23 15:45	916	79.510	79.515	79.596	79.575	79.555	79.534	79.514	2019.04.23 15:45	916	79.510	79.515	79.596	79.575	79.555	79.534	79.514	2019.04.23 16:00	917	79.514	79.498	79.597	79.574	79.551	79.528	79.505
148	2019.04.23 16:30	919	79.488	79.500	79.600	79.572	79.544	79.516	79.488	2019.04.23 16:30	919	79.488	79.500	79.600	79.572	79.544	79.516	79.488	2019.04.23 16:45	920	79.501	79.452	79.603	79.570	79.537	79.505	79.472
149	2019.04.23 17:30	923	79.300	79.346	79.657	79.580	79.503	79.427	79.350	2019.04.23 18:00	925	79.338	79.348	79.655	79.568	79.481	79.394	79.307	2019.04.23 18:15	926	79.348	79.332	79.654	79.562	79.471	79.379	79.287
150	2019.04.23 18:45	928	79.322	79.378	79.644	79.548	79.452	79.356	79.260	2019.04.23 18:45	928	79.322	79.378	79.644	79.548	79.452	79.356	79.260	2019.04.23 19:15	930	79.363	79.352	79.624	79.529	79.434	79.339	79.244
151	2019.04.23 20:45	936	79.285	79.290	79.496	79.428	79.360	79.292	79.224	2019.04.23 20:45	936	79.285	79.290	79.496	79.428	79.360	79.292	79.224	2019.04.23 21:00	937	79.291	79.279	79.474	79.411	79.349	79.287	79.224
152	2019.04.23 21:15	938	79.281	79.282	79.449	79.394	79.339	79.284	79.229	2019.04.23 23:30	947	79.424	79.453	79.439	79.389	79.339	79.290	79.240	2019.04.24 00:00	949	79.408	79.353	79.449	79.395	79.342	79.289	79.235
153	2019.04.24 00:15	950	79.354	79.366	79.450	79.396	79.343	79.289	79.235	2019.04.24 00:30	951	79.364	79.368	79.452	79.398	79.345	79.291	79.237	2019.04.24 00:45	952	79.361	79.359	79.454	79.400	79.347	79.294	79.240
154	2019.04.24 01:00	953	79.359	79.372	79.456	79.403	79.350	79.297	79.245	2019.04.24 01:00	953	79.359	79.372	79.456	79.403	79.350	79.297	79.245	2019.04.24 01:30	955	79.363	79.336	79.454	79.406	79.357	79.308	79.259
155	2019.04.24 02:00	957	79.332	79.341	79.449	79.405	79.362	79.318	79.274	2019.04.24 02:15	958	79.340	79.358	79.445	79.405	79.365	79.326	79.286	2019.04.24 02:30	959	79.358	79.340	79.441	79.404	79.368	79.331	79.295
156	2019.04.24 03:30	963	79.274	79.309	79.448	79.405	79.362	79.319	79.275	2019.04.24 03:30	963	79.274	79.309	79.448	79.405	79.362	79.319	79.275	2019.04.24 04:00	965	79.306	79.295	79.441	79.397	79.352	79.307	79.262
157	2019.04.24 05:15	970	78.644	78.694	79.700	79.454	79.208	78.962	78.717	2019.04.24 05:45	972	78.688	78.696	79.707	79.424	79.141	78.858	78.575	2019.04.24 06:00	973	78.694	78.667	79.697	79.402	79.106	78.810	78.515
158	2019.04.24 07:00	977	78.503	78.558	79.614	79.283	78.952	78.621	78.290	2019.04.24 08:45	984	78.644	78.650	79.112	78.910	78.709	78.507	78.306	2019.04.24 09:00	985	78.649	78.578	78.976	78.825	78.673	78.521	78.370
159	2019.04.24 09:30	987	78.550	78.623	78.740	78.684	78.628	78.572	78.516	2019.04.24 09:30	987	78.550	78.623	78.740	78.684	78.628	78.572	78.516	2019.04.24 09:45	988	78.624	78.577	78.719	78.669	78.619	78.570	78.520
